-0.800    0.200    -0.200    6.014
-0.800    0.400    -0.400    6.106
-0.700    0.100    -0.100    6.087
-0.700    0.300    -0.300    6.041
-0.600    -0.100    0.000    6.050
-0.500    0.000    -0.100    6.054
-0.500    0.100    -0.200    6.089
-0.500    0.700    -0.500    6.465
-0.500    0.800    -0.600    6.480
-0.300    -0.400    0.200    6.142
-0.300    -0.300    0.100    6.103
-0.300    0.600    -0.500    6.389
-0.300    0.700    -0.600    6.369
-0.300    0.800    -0.700    6.349
-0.200    -0.200    0.000    6.114
-0.200    0.300    -0.300    6.352
-0.200    0.800    -0.800    6.252
-0.100    -0.600    0.300    6.159
-0.100    0.400    -0.400    6.347
-0.100    0.500    -0.500    6.321
-0.100    0.600    -0.600    6.297
-0.100    0.700    -0.700    6.298
0.000    -0.700    0.400    6.271
0.000    -0.500    0.200    6.161
0.000    -0.400    0.100    6.189
0.000    0.100    -0.200    6.342
0.000    0.500    -0.600    6.248
0.000    0.600    -0.700    6.187
0.000    0.700    -0.800    6.162
0.000    0.800    -0.900    6.198
0.100    -0.900    0.500    6.258
0.100    0.200    -0.300    6.315
0.100    0.300    -0.400    6.285
0.100    0.400    -0.500    6.255
0.100    0.700    -0.900    6.069
0.200    -0.800    0.400    6.235
0.200    0.400    -0.600    6.150
0.200    0.500    -0.700    6.120
0.200    0.600    -0.800    6.151
0.300    -0.700    0.300    6.233
0.300    -0.100    -0.100    6.330
0.300    0.000    -0.200    6.294
0.300    0.100    -0.300    6.259
0.300    0.200    -0.400    6.225
0.300    0.300    -0.500    6.189
0.300    0.500    -0.800    6.030
0.300    0.600    -0.900    5.996
0.400    0.200    -0.500    6.124
0.400    0.300    -0.600    6.089
0.400    0.400    -0.700    6.063
0.500    -0.100    -0.200    6.244
0.500    0.000    -0.300    6.205
0.500    0.100    -0.400    6.165
0.500    0.300    -0.700    6.010
0.500    0.400    -0.800    5.964
0.500    0.500    -0.900    6.062
0.600    -0.400    0.100    6.398
0.600    -0.300    0.000    6.351
0.600    -0.200    -0.100    6.305
0.600    0.100    -0.500    6.070
0.600    0.200    -0.600    6.026
0.600    0.400    -0.900    5.894
0.700    -0.200    -0.200    6.197
0.700    -0.100    -0.300    6.152
0.700    0.000    -0.400    6.105
0.700    0.200    -0.700    5.946
0.700    0.300    -0.800    5.926
0.800    -0.500    0.100    6.359
0.800    -0.400    0.000    6.303
0.800    -0.300    -0.100    6.252
0.800    -0.100    -0.400    6.087
0.800    0.000    -0.500    6.015
0.800    0.100    -0.600    6.028
0.800    0.200    -0.800    5.915
0.800    0.300    -0.900    5.826
0.000    0.000    0.000    0.000
