1.331077042301900065e+03 1.015139387918100056e+03 7.373753793830001086e+02 5.080770779650999884e+02 3.272346815930000048e+02 1.879274361440999996e+02 8.269074693119999608e+01 3.231287994809999731e+01 9.077441623960000072e+01 1.390296383506000097e+02 1.816943643998000084e+02 2.171486780773000191e+02 2.464590913014000080e+02 2.700009832678999828e+02 2.843914961125000218e+02 inf
1.285286204471899964e+03 9.752657639919999610e+02 7.055293018556999414e+02 4.844556535037000344e+02 3.105897635992000119e+02 1.765234718957000268e+02 7.561623113269999408e+01 3.594182328399999449e+01 9.386716656240000134e+01 1.410895833065000033e+02 1.831069165330999908e+02 2.177178530234999982e+02 2.457376344375999793e+02 2.652946621893000270e+02 inf inf
1.241685474319399873e+03 9.378852831077999781e+02 6.760589571364999983e+02 4.627719006213000057e+02 2.953546259583999927e+02 1.660766021098000067e+02 6.913054117709999957e+01 3.971912688110000289e+01 9.670567706140001007e+01 1.430147162307999906e+02 1.842426554081999939e+02 2.177147749644000214e+02 2.428897779127999854e+02 inf inf inf
1.200249045803400122e+03 9.028759908550000546e+02 6.487759038727000416e+02 4.428321433155000477e+02 2.813727270205000082e+02 1.564774250279000114e+02 6.316788197820000050e+01 4.346060279630000167e+01 9.930000506659999360e+01 1.448285169449000023e+02 1.849537500762999969e+02 2.163572132839000233e+02 inf inf inf 3.280612494298000001e+02
1.160933090303400149e+03 8.701078767341999765e+02 6.235003270741999586e+02 4.244618140878000077e+02 2.685074320714999772e+02 1.476319547994999937e+02 5.767301090700000543e+01 4.704394320919999473e+01 1.016457088633000012e+02 1.463077338466000015e+02 1.848267965846000038e+02 2.095003118207000057e+02 inf inf 3.090027211245999865e+02 3.270754419586000381e+02
1.123678991819299881e+03 8.394475781180999547e+02 6.000637742592999757e+02 4.075044220355999869e+02 2.566393266978000156e+02 1.394593473218999975e+02 5.259999413770000132e+01 5.033937546980000377e+01 1.037131850266000015e+02 1.472508263949000025e+02 1.822307514042999799e+02 inf 2.675482976746000077e+02 2.876035752044000446e+02 3.080103705381000054e+02 3.267098824547999811e+02
1.088416517097100041e+03 8.107603623268000774e+02 5.783085911640000631e+02 3.918203626651999798e+02 2.456640347320000046e+02 1.318901834726000004e+02 4.791207136890000129e+01 5.334884502189999722e+01 1.054167948391000067e+02 1.470126132613999914e+02 inf inf 2.634358047724999778e+02 2.865617862789999890e+02 3.076841601698999966e+02 3.266553992427000139e+02
1.055066695117300014e+03 7.839161922480999465e+02 5.580900384367000697e+02 3.772847675832999812e+02 2.354902395169000044e+02 1.248649838068999998e+02 4.358262213980000155e+01 5.604942988220000188e+01 1.065120996652999992e+02 1.421987957622999943e+02 inf 2.360167431252000085e+02 2.622677853682999967e+02 2.862725846340999851e+02 3.076823868788999903e+02 3.267805828179999708e+02
1.023544604508199996e+03 7.587869819734000885e+02 5.392746514353999601e+02 3.637869674554999619e+02 2.260380570780000085e+02 1.183334299532999978e+02 3.959743867449999755e+01 5.836195914270000173e+01 1.061042344913000051e+02 inf 2.049107610374999808e+02 2.345606746265999902e+02 2.620105886523999743e+02 2.863340887493999958e+02 3.078637704065000094e+02 3.270203883885999971e+02
9.937619166076000283e+02 7.352508793588999652e+02 5.217411232311000049e+02 3.512281764763999945e+02 2.172374879440000086e+02 1.122544979413999897e+02 3.596431014499999890e+01 6.003858212259999760e+01 9.710036137430000736e+01 1.703835380929999985e+02 2.027486255434999975e+02 2.343180458463999685e+02 2.621492985114999783e+02 2.865865600820999930e+02 3.081597785326000007e+02 3.273388753956999722e+02
9.656284435067000231e+02 7.131923292356000275e+02 5.053787166016999777e+02 3.395202363728000137e+02 2.090277179499000226e+02 1.065975319310999936e+02 3.273840773079999877e+01 6.006053462650000085e+01 inf 1.660444422125999893e+02 2.024678205006999860e+02 2.345508232637000106e+02 2.624932794799000249e+02 2.869551319875000104e+02 3.085329911458999845e+02 3.277147443554000006e+02
9.390542168627000592e+02 6.925029944501000045e+02 4.900869143989999657e+02 3.285851889777999872e+02 2.013556550989000016e+02 1.013467864469999995e+02 3.113815972160000101e+01 4.617017634289999961e+01 1.260254469488999973e+02 1.655989816859000143e+02 2.028115998466000178e+02 2.350137221232000115e+02 2.629567489758999841e+02 2.873998329691000322e+02 3.089616475011000034e+02 3.281350050523999471e+02
9.139507048105999729e+02 6.730813486362000049e+02 4.757748454967999692e+02 3.183528092602999777e+02 1.941766115894000109e+02 9.651545100699999580e+01 3.073957305209999902e+01 8.515571350230000292e+01 1.245586936226999910e+02 1.660761133469000015e+02 2.034289917016000118e+02 2.356023204548999956e+02 2.634955296740999984e+02 2.878978379346999645e+02 3.094325536012000271e+02 3.285909885342000507e+02
8.902316209293999236e+02 6.548335371434999388e+02 4.623597944704000042e+02 3.087609628566000310e+02 1.874544302749000053e+02 9.219622514639999622e+01 4.195547170929999936e+01 7.842702018410000164e+01 1.249300642949999940e+02 1.668992820633999941e+02 2.041839828009999849e+02 2.362658641069000112e+02 2.640849511628999835e+02 2.884351580450000370e+02 3.099369604348999587e+02 3.290770299458999943e+02
8.678140246666000621e+02 6.376727440027999592e+02 4.497670717872999830e+02 2.997540002056999811e+02 1.811657516185999839e+02 8.882957410070000037e+01 2.974684019129999868e+01 7.852466646610000112e+01 1.258402553713000032e+02 1.678773321685000042e+02 2.050137925048999819e+02 2.369765843595999968e+02 2.647102145196000151e+02 2.890032876252000165e+02 3.104692857389999858e+02 3.295892653426000152e+02
8.466186049082999716e+02 6.215184033745999841e+02 4.379296893365000187e+02 2.912822128807000013e+02 1.753140001088999895e+02 9.145522706939999580e+01 2.598833023350000104e+01 7.965895220929999709e+01 1.269605694277999959e+02 1.689298387999000113e+02 2.058865463255999941e+02 2.377186487987999897e+02 2.653624055606999832e+02 2.895964130513000327e+02 3.110257644554000080e+02 3.301250807093999811e+02
8.265704027630999917e+02 6.062972600897999200e+02 4.267865789584000140e+02 2.833014558022999836e+02 1.699955210971999975e+02 7.077965405419999456e+01 2.646955143969999824e+01 8.110381152120000081e+01 1.281716683358999944e+02 1.700181276719000039e+02 2.067845493746000045e+02 2.384825157910000257e+02 2.660357263056999955e+02 2.902109380772000122e+02 3.116038774952000381e+02 3.306826986921000184e+02
8.075989217134999762e+02 5.919424404243000026e+02 4.162825034536999738e+02 2.757726649214999952e+02 1.660359523824999997e+02 7.126659478450000051e+01 2.808869790490000184e+01 8.265678503569999691e+01 1.294213632116999975e+02 1.711222374658999854e+02 2.076974506656000017e+02 2.392624071445000027e+02 2.667268420711000090e+02 2.908444323402999885e+02 3.122019518161999940e+02 3.312609756839000283e+02
7.896383241236999311e+02 5.783931971526999405e+02 4.063680233748999626e+02 2.686632105410000122e+02 1.527587354886999833e+02 6.856794757279999430e+01 2.988024825379999783e+01 8.424174172009999495e+01 1.306840503706999925e+02 1.722313585079999996e+02 2.086194450664999920e+02 2.400548331595999798e+02 2.674332089494000115e+02 2.914953617650999718e+02 3.128189476129000468e+02 3.318591391530000010e+02
7.726273392391000243e+02 5.655956092005000073e+02 3.969987601477999988e+02 2.619558761170000025e+02 1.523749790850000068e+02 6.549834227400000941e+01 3.171109522460000107e+01 8.582589758310000150e+01 1.319470389738999927e+02 1.733394380439000031e+02 2.095468971186000147e+02 2.408576231595000081e+02 2.681535543512999880e+02 2.921628058402000079e+02 3.134542216334000386e+02 3.324768237298000031e+02
7.565124762218999876e+02 5.535031182760999400e+02 3.881360731583999950e+02 2.559251355990000150e+02 1.483431889233000049e+02 6.240089548289999755e+01 3.353186193839999873e+01 8.739367242239998745e+01 1.332034458297000015e+02 1.744433839054999851e+02 2.104780077326000196e+02 2.416695303886999966e+02 2.688870931781999616e+02 2.928462527269999782e+02 3.141074924551999743e+02 3.331138979701000267e+02
7.412441042755999661e+02 5.420785818838999148e+02 3.797509101893999741e+02 2.492997094046000086e+02 1.441870980507999889e+02 5.936446807779999801e+01 3.532207843269999614e+01 8.893796456219999413e+01 1.344502105448000009e+02 1.755415934481000022e+02 2.114118667134999896e+02 2.424902221357000087e+02 2.696334960864999744e+02 2.935455440992000149e+02 3.147787245012000312e+02 3.337704338088000213e+02
7.267813372071999538e+02 5.313004938799999763e+02 3.718518920823000258e+02 2.435993428973000050e+02 1.401311044990999903e+02 5.641756695659999821e+01 3.707330361030000176e+01 9.045603062329999489e+01 1.356861977549999949e+02 1.766334997408999925e+02 2.123482025197000098e+02 2.433195853466999949e+02 2.703927748487000144e+02 2.942607703366999772e+02 3.154680780144000209e+02 3.344466742142000157e+02
7.130937633874999619e+02 5.211817902756999956e+02 inf 2.381285808390999819e+02 1.362191198686000178e+02 5.380806287139999711e+01 3.881023421329999934e+01 9.194706852749999371e+01 1.369114403675000062e+02 1.777195964766000031e+02 2.132872438814999896e+02 2.441576053498999954e+02 2.711651502326000127e+02 2.949921947506999800e+02 3.161758773051000162e+02 3.351430026162000217e+02
7.001673202188999312e+02 5.118434491735000051e+02 3.567487257226000565e+02 2.329056284317999825e+02 1.324589852841999971e+02 5.136716231740000183e+01 4.066192664639999776e+01 9.341187618700000428e+01 1.381266675969000062e+02 1.788002157391999845e+02 2.142294204601000160e+02 2.450048326096000153e+02 2.719510356957999875e+02 2.957402558631999909e+02 3.169025847773999658e+02 3.358599391662999665e+02
6.880204008097999804e+02 5.040109193701999857e+02 3.499489976118999834e+02 2.279183771861999901e+02 1.288478688346000069e+02 4.901306067259999821e+01 4.246654296399999851e+01 9.485200301160000436e+01 1.393331526796999924e+02 1.798763750338000023e+02 2.151754450223000106e+02 2.458618803025000261e+02 2.727510172772999795e+02 2.965055053755000358e+02 3.176487734506999914e+02 3.365980755383000087e+02
6.767413355608000529e+02 5.475939471609000293e+02 3.434244251528000405e+02 2.231522607249000032e+02 1.253793813489999991e+02 4.674233375109999855e+01 4.422631896579999733e+01 9.626934499959999414e+01 1.405324670749999996e+02 1.809491723950999926e+02 2.161262050387999807e+02 2.467294846874000029e+02 2.735657653152999842e+02 2.972886204916999873e+02 3.184151613110000199e+02 3.373581451909000180e+02
6.666266134236000198e+02 4.796766581749000125e+02 3.371867744252000421e+02 2.185926577609000105e+02 1.220458393234999903e+02 4.455073062270000150e+01 4.594466520550000155e+01 9.766622344890001273e+01 1.417264373367999895e+02 1.820198636955000211e+02 2.170829151997999986e+02 2.476085241234999899e+02 2.743960813822000091e+02 2.980903666187999761e+02 3.192024650902000076e+02 3.381409602063999955e+02
6.588580479263999905e+02 4.733807170643000291e+02 3.312232380927000008e+02 2.142259842022999976e+02 1.188393940639000022e+02 4.243397337209999876e+01 4.762411068489999622e+01 9.904476785250000148e+01 1.429171530056999870e+02 1.830897505788000217e+02 2.180463512859000161e+02 2.484999465107999868e+02 2.752428389065000260e+02 2.989115905409000220e+02 3.200115882200999522e+02 3.389474343301999966e+02
6.641859533312999702e+02 4.661902810405000537e+02 3.255179421416000309e+02 2.100395015580000120e+02 1.157523319848000085e+02 4.038768951590000000e+01 4.926830907609999599e+01 1.004075735483999949e+02 1.441064409411000042e+02 1.841602127118999874e+02 2.190177844442000037e+02 2.494047566486999870e+02 2.761070032505999734e+02 2.997532473150000101e+02 3.208434738034999896e+02 3.397785610015000088e+02
6.056542844529000149e+02 4.590398867865000057e+02 3.200551053291000017e+02 2.060216954897999813e+02 1.127772573301000136e+02 3.840762789949999956e+01 5.088034873790000034e+01 1.017572082522000017e+02 1.452968373188000157e+02 1.852327356677000125e+02 2.199984300586999950e+02 2.503240737053000089e+02 2.769896015630000079e+02 3.006163466770000241e+02 3.216991729010999848e+02 3.406354595642999925e+02
6.125872641766000015e+02 4.520914901099999952e+02 3.148197677193999766e+02 2.021616532721000112e+02 1.099071670310000002e+02 3.648972638210000241e+01 5.246344381440000149e+01 1.030977098752999979e+02 1.464906028748999915e+02 1.863087525528000015e+02 2.209895786630000032e+02 2.512590394374000198e+02 2.778917455243999939e+02 3.015019892843000093e+02 3.225798150159999977e+02 3.415193202320999717e+02
6.066595318477999399e+02 4.453851966883000273e+02 3.097979574571999706e+02 1.984493658179000022e+02 1.071354765938999947e+02 3.463012172860000248e+01 5.402078952290000302e+01 1.044357125543000109e+02 1.476901498985000103e+02 1.873929574130000049e+02 2.219925469393000128e+02 2.522108846546999814e+02 2.788146090710999943e+02 3.024113441160000093e+02 3.234866213111000093e+02 3.424314707098999975e+02
5.992463623693000727e+02 4.389284262322999552e+02 3.049766050997999969e+02 1.948755730567999933e+02 1.044560144885000028e+02 3.282515361320000125e+01 5.555555958789999949e+01 1.057685024788000021e+02 1.488983257760000072e+02 1.884854242928000190e+02 2.230087139934000220e+02 2.531808875902999887e+02 2.797594279627999754e+02 3.033456772417999900e+02 3.244209138996000092e+02 3.433733617213000002e+02
5.916097378309000305e+02 4.327169672668999851e+02 3.003436783055000205e+02 1.914316847400999961e+02 1.018630026514999969e+02 3.107140053370000032e+01 5.707090066130000139e+01 1.070989400892999868e+02 1.501177156997999873e+02 1.895860282556000129e+02 2.240395079976000261e+02 2.541703968447000079e+02 2.807275209092999830e+02 3.043063216086000011e+02 3.253841263020000270e+02 3.443465916938000078e+02
5.841193205362999379e+02 4.267422234520000188e+02 2.958879072757999893e+02 1.881097468358999834e+02 9.935104056529999639e+01 2.936565150980000283e+01 5.857000681350000093e+01 1.084299269708000111e+02 1.513513939194999978e+02 1.906966621317000090e+02 2.250864228579999917e+02 2.551807968926999877e+02 2.817202677294000068e+02 3.052947104075000198e+02 3.263778081057999998e+02 3.453529011191999984e+02
5.767952366253999799e+02 4.209939377047999756e+02 2.915988911833999850e+02 1.849023354210999912e+02 9.691509010170000238e+01 2.770490034110000011e+01 6.005606151020000283e+01 1.097645622044000078e+02 1.526026710849999972e+02 1.918186192635999987e+02 2.261509335136000232e+02 2.562135503243000016e+02 2.827391247262000320e+02 3.063124034481000422e+02 3.274036573486000066e+02 3.463943741486000363e+02
5.696795390007000606e+02 4.154613374718999808e+02 2.874669114782000179e+02 1.818025685670999962e+02 9.455039539020000916e+01 2.608640792290000121e+01 6.153237177669999625e+01 1.111060916225000028e+02 1.538750468055999931e+02 1.929537048363999929e+02 2.272346410426999910e+02 2.572701675541999862e+02 2.837856115675999717e+02 3.073609563409999623e+02 3.284635463928999570e+02 3.474732928272999857e+02
5.627873066409999865e+02 4.101336509866999904e+02 2.834829471946000012e+02 1.788040215009000065e+02 9.225256758759999798e+01 2.450745882129999842e+01 6.300208043470000518e+01 1.124579320329999916e+02 1.551723634278999953e+02 1.941036291152999809e+02 2.283391189742999927e+02 2.583522099965999814e+02 2.848613403859999949e+02 3.084421800466000150e+02 3.295595750781999982e+02 3.485924049916999934e+02
5.561216465384000003e+02 4.050007358355999827e+02 2.796385650535000309e+02 1.759006968587000017e+02 9.001746656570000482e+01 2.327847846819999944e+01 6.446871129240000187e+01 1.138238268870999974e+02 1.564989307875999884e+02 1.952701615299999958e+02 2.294660505365000063e+02 2.594613007134000213e+02 2.859679938336000191e+02 3.095579757079000274e+02 3.306941667880000182e+02 3.497550681900999621e+02
5.496795583281999598e+02 4.000523260815000413e+02 2.759259182408000015e+02 1.730869997022000177e+02 8.784123892170001113e+01 2.250584718609999868e+01 6.593586153280000417e+01 1.152077987561000043e+02 1.578595759419999922e+02 1.964550693010999964e+02 2.306171012647000111e+02 2.605990953895999951e+02 2.871073480932000166e+02 3.107104673251000122e+02 3.318702357711999866e+02 3.509656507262999980e+02
5.434552907160000359e+02 3.952791043592999927e+02 2.723376682455000264e+02 1.703576836967000077e+02 8.572028474149999511e+01 2.175640974489999735e+01 6.740731372679999822e+01 1.166143045116000110e+02 1.592597912592000000e+02 1.976601559508999912e+02 2.317939808967999795e+02 2.617673000711999975e+02 2.882812834139999723e+02 3.119020766108000089e+02 3.330911924673000044e+02 3.522300841428000240e+02
5.374414531797999643e+02 3.906721339154000248e+02 2.688669488842000419e+02 1.677078357894999954e+02 8.365125534780000294e+01 2.102959707289999969e+01 6.888721043719999670e+01 1.180483216991000006e+02 1.607057165364000184e+02 1.988872271966000085e+02 2.329983950947000153e+02 2.629676792976999877e+02 2.894918570680000016e+02 3.131356366314999491e+02 3.343620120903000270e+02 3.535570314957000164e+02
5.316300186992000363e+02 3.862229052702999752e+02 2.655073248582999668e+02 1.651328360822000150e+02 8.163104892929999323e+01 2.036744803199999865e+01 7.037997793009999725e+01 1.195154275247000015e+02 1.622047126223000078e+02 2.001381078116999959e+02 2.342320380331000251e+02 2.642019608297999866e+02 2.907412358930000096e+02 3.144147698273000060e+02 3.356894516064999721e+02 3.549602912730000526e+02
5.260127205290000347e+02 3.819236169746000087e+02 2.622527589846000069e+02 1.626284152026999834e+02 7.965680503240000121e+01 2.087461864189999972e+01 7.189053060220000191e+01 1.210221234695999897e+02 1.637657006748999891e+02 2.014145315270000083e+02 2.354965418178999812e+02 2.654718857533000005e+02 2.920320423053000241e+02 3.157444551552000007e+02 3.370842198233999625e+02 3.567102587466999921e+02
5.205813157745000126e+02 3.777667087268999921e+02 2.590975903039999935e+02 1.601905090930000028e+02 7.772591800629999170e+01 2.141035879760000071e+01 7.342449038809999706e+01 1.225757240233000118e+02 1.653985754081000152e+02 2.030241929533999894e+02 2.367934268615999827e+02 2.667792858290999902e+02 2.933675633705000223e+02 3.172196222982000222e+02 3.395738675558000068e+02 3.603588098876999766e+02
5.153277701637999826e+02 3.737452184621000129e+02 2.560364541658000235e+02 1.578153255795999996e+02 7.583605734689999167e+01 2.195944058100000262e+01 7.498791929050000249e+01 1.241853147966999984e+02 1.671160183545999871e+02 2.049125543256000128e+02 2.384581557609000129e+02 2.684682630410999877e+02 2.955755849139000020e+02 3.203210660360999782e+02 3.431952363623000224e+02 inf
5.102442722889999800e+02 3.698523375419999866e+02 2.530643328122000071e+02 1.554993338339000104e+02 7.398518121589999907e+01 2.252511475600000068e+01 7.658825288599999226e+01 1.258613336152999977e+02 1.689335217865000232e+02 2.069408407732999819e+02 2.407507268120999981e+02 2.710903772291999871e+02 2.986091069797000159e+02 3.238844063157999926e+02 inf inf
5.053233264322000196e+02 3.660819590210000456e+02 2.501764802780000139e+02 1.532392386989000101e+02 7.217165340439998999e+01 2.311142883600000175e+01 7.823421028250000120e+01 1.276170154776999937e+02 1.708706483773000002e+02 2.091381180776999997e+02 2.432750419266999984e+02 2.740288530599000296e+02 3.020822536200000172e+02 3.280884166485000151e+02 inf inf
5.005577701509999997e+02 3.624280719550999947e+02 2.473683454385000005e+02 1.510320231839999963e+02 7.039408447089999754e+01 2.431931232139999821e+01 7.993621422840000434e+01 1.294686996642000167e+02 1.729526791778000074e+02 2.115431277051000052e+02 2.460907510806000005e+02 2.773786608606000073e+02 3.061584149056000115e+02 inf inf inf
4.959407764930000440e+02 3.588851887316000102e+02 2.446358232506999855e+02 1.488748988426000039e+02 6.865176484290000758e+01 2.586834181400000077e+01 8.170720621399999573e+01 1.314373222687999885e+02 1.752130113371999869e+02 2.142089356196999859e+02 2.492834115483000232e+02 2.812864372330000151e+02 inf inf inf inf
4.914658512905000407e+02 3.554480554422000296e+02 2.419748297913000101e+02 1.467652939168000046e+02 6.694458058920000099e+01 2.745696401389999863e+01 8.356348519810001108e+01 1.335502314791999936e+02 1.776971349110000062e+02 2.172109239168000272e+02 2.529823958597000058e+02 2.859995571014999882e+02 inf inf inf inf
4.871268316404000416e+02 3.521117249102999835e+02 2.393815966532000061e+02 1.447013120261999859e+02 6.527330798980000282e+01 2.909666408709999885e+01 8.552627311200001259e+01 1.358452158983999993e+02 1.804691327390000026e+02 2.206611770997000121e+02 2.573981835083999954e+02 2.920030460325999684e+02 inf inf inf inf
4.829179620936999981e+02 3.488715198154000063e+02 2.368524689180999871e+02 1.426810295800000006e+02 6.363993926390000411e+01 3.080211099799999630e+01 8.762392007040000408e+01 1.383739060407000068e+02 1.836281213240000056e+02 2.247365689451000037e+02 2.629163834633999954e+02 inf inf inf inf 3.006646740275999946e+03
4.788335337720999973e+02 3.457230175875999976e+02 2.343840839979999942e+02 1.407033366351000154e+02 6.204818439150000131e+01 3.259261664560000327e+01 8.989580603209999765e+01 1.412121030732000122e+02 1.873204945541000086e+02 2.297427135954000050e+02 2.704197758222999823e+02 inf inf inf 2.769671357267599888e+03 2.089269085318100224e+03
4.748683942964000266e+02 3.426620337112000243e+02 2.319732536715000037e+02 1.387677739588000065e+02 6.050429799289999977e+01 3.449457398070000380e+01 9.239838282499999877e+01 1.444751809347000062e+02 1.917835467509000011e+02 inf inf inf inf 2.554266228572700129e+03 1.832106183801799943e+03 1.317650885359099902e+03
4.710176439305000144e+02 3.396846046933000025e+02 2.296170091542000193e+02 1.368748912835999931e+02 5.901838405959999534e+01 3.654544650040000420e+01 9.521659555429999955e+01 1.483498297252999976e+02 1.974628981074000080e+02 inf inf inf 2.365736137655299899e+03 1.586986584553199918e+03 1.068344092930499983e+03 7.801417452685000171e+02
4.672763881545000118e+02 3.367869927606000147e+02 2.273126253563000034e+02 1.350267261615999814e+02 5.760662681720000222e+01 3.880066730909999961e+01 9.848609278280000012e+01 1.531629671452000139e+02 inf inf inf 2.212661676907000128e+03 1.356666801012299857e+03 8.564135128077000445e+02 6.434885898763999421e+02 5.623885872601999836e+02
4.636404455540000527e+02 3.339656544265999969e+02 2.250575921653999956e+02 1.332275982708000015e+02 5.629525961219999886e+01 4.134764856799999677e+01 1.024392926562999975e+02 1.595594800098999997e+02 inf inf 2.109988075610599935e+03 1.147202622848900091e+03 6.906433339615000477e+02 5.452289452003999486e+02 4.984656250781000040e+02 4.832277522159999990e+02
4.601055552734000003e+02 3.312172503785000117e+02 2.228500711476999925e+02 1.314854903230999810e+02 5.512804690739999813e+01 4.447821319239999838e+01 1.075113597378999941e+02 inf inf 2.085770218396700329e+03 9.671223296038999706e+02 5.657715696405000472e+02 4.709326654219000261e+02 4.472090077760999520e+02 4.441913968991999582e+02 4.487045296316999838e+02
4.566678004031999762e+02 3.285386604832000330e+02 2.206885355074999779e+02 1.298145974843999966e+02 5.418149623829999939e+01 4.831816791330000171e+01 1.146309430388999999e+02 inf 2.197906200459699903e+03 8.244126927529999875e+02 4.696745145027999797e+02 4.101967761098999858e+02 4.026460133732999793e+02 4.088145210829999883e+02 4.194175863455000126e+02 4.313792462165999950e+02
4.533235130131999995e+02 3.259269914436000022e+02 2.185724412472000040e+02 1.282403175004000104e+02 5.359954180489999942e+01 5.341533867169999894e+01 inf 2.583770289043899993e+03 7.271314466046000007e+02 3.910774679841999841e+02 3.563092499430000544e+02 3.610107733783000299e+02 3.747467874447999634e+02 3.906980662514000073e+02 4.067400942338999812e+02 4.221169036571000106e+02
4.500692869975000008e+02 3.233795465233999948e+02 2.165027685398000017e+02 1.268099654180000044e+02 5.368169507929999895e+01 6.106961649609999654e+01 inf 6.980867897312000423e+02 3.218871428045999892e+02 3.049027730114000292e+02 3.197484314766999773e+02 3.403009610889000101e+02 3.613373411642000406e+02 3.813971794743000032e+02 4.000588870491000080e+02 4.172530626319000362e+02
4.469019863938999606e+02 3.208940600672000301e+02 2.144832711367999991e+02 1.256183708747999930e+02 5.516564767929999391e+01 inf 8.416852172296000845e+02 2.569758141976000161e+02 2.529303209320999883e+02 2.769384311796999896e+02 3.041267372501000068e+02 3.303214939841000160e+02 3.545580030107000198e+02 3.766860041221000301e+02 3.968049457831999689e+02 4.150903906200999813e+02
4.438188243593000379e+02 3.184686729608999940e+02 2.125232336000000259e+02 1.248806935978999917e+02 6.049995716700000514e+01 1.588983925882199856e+03 1.935495694996000111e+02 1.981335144595000202e+02 2.309661277012999960e+02 2.650207386239999892e+02 2.967103914173999897e+02 3.254672525953999980e+02 3.513810405498999785e+02 3.747103381757000307e+02 3.957444563152000114e+02 4.147578566847000161e+02
4.408173972833000107e+02 3.161023149390999833e+02 2.106444205704000012e+02 1.251967648183999984e+02 inf 1.336150851085999989e+02 1.384939949392000074e+02 1.804084462916000007e+02 2.218093243723999990e+02 2.595580613312000082e+02 2.933498170623000192e+02 3.235018550676999780e+02 3.504336403289000259e+02 3.745537781498999834e+02 3.962285266680999598e+02 4.157767712828999720e+02
4.378958684688000176e+02 3.137953606877999846e+02 2.089018297474999883e+02 1.290942930390999948e+02 1.652130074542999978e+02 7.237306219779999594e+01 1.237751115537000146e+02 1.733409708376999845e+02 2.178590063302999909e+02 2.573678308926999989e+02 2.923476028551000354e+02 3.233865596938000522e+02 3.510230815918999951e+02 3.757261503575999768e+02 3.978963933503999897e+02 4.178744610658999932e+02
4.350532350961000247e+02 3.115512715761000209e+02 2.074660679186999914e+02 3.054358975429299790e+03 4.635779205730000285e+01 5.966555266479999631e+01 1.183462054706000117e+02 1.705640150163999920e+02 2.165883838355999842e+02 2.571288881296999875e+02 2.929019430671999658e+02 3.245892371014000446e+02 3.527750796335000132e+02 3.779544127574000072e+02 4.005441857252000091e+02 4.212941665182000293e+02
4.322902318392000325e+02 3.093815311802999872e+02 2.071947885669000016e+02 1.131665771848000048e+02 3.125436845779999828e+01 5.555257919809999834e+01 1.165152064124000049e+02 1.700013105178000217e+02 2.169453412415999765e+02 2.582122509063000280e+02 2.946001546484000073e+02 3.268228845426000362e+02 3.554830974596999908e+02 3.815316161077000174e+02 4.054353581354000085e+02 4.270583177460999877e+02
4.301126100922000433e+02 3.073242490785999621e+02 1.863289889256100196e+03 1.041445117988999982e+02 2.455209054480000219e+01 5.449363429289999772e+01 1.165154708383000042e+02 1.707969326955999918e+02 2.184292465524999898e+02 2.602944606446000080e+02 2.972209062825999695e+02 3.305073339248000366e+02 3.604159191447000126e+02 3.872472712025000305e+02 4.114223755319000020e+02 4.332952701178999746e+02
4.285155886992999967e+02 3.055626498043000083e+02 1.964877237594999997e+02 1.017256850572999980e+02 2.020002969220000111e+01 5.492926017899999636e+01 1.176377306975000039e+02 1.725475073014999907e+02 2.210719847537999954e+02 2.640608503052000060e+02 3.021391499522000004e+02 3.360142204428000241e+02 3.662823884132999979e+02 3.934458290293000005e+02 4.179267375784999672e+02 4.400811401025000009e+02
4.278463908319000097e+02 3.109817106579999972e+02 1.957869576452000047e+02 1.005206020918000007e+02 1.848700994290000210e+01 5.713506272699999755e+01 1.205970439893000048e+02 1.764021258678000095e+02 2.256523569730000247e+02 2.691375535848000027e+02 3.076841808904999880e+02 3.419961315448999812e+02 3.726691854324000133e+02 4.002061503894000225e+02 4.250311613313999715e+02 4.475026366458999973e+02
4.297658276264000392e+02 2.996854718550999905e+02 1.943940745157999856e+02 9.927663138100000140e+01 1.734439428769999836e+01 6.030696529059999733e+01 1.243603731457000094e+02 1.807737381265999943e+02 2.306085573969999984e+02 2.746537567296999782e+02 3.137280940899000257e+02 3.485320041532999653e+02 3.796609619966000082e+02 4.076187450750999801e+02 4.328317646671999910e+02 4.556608824273999971e+02
4.476906046094999851e+02 2.979309301192000135e+02 1.926676364984000145e+02 9.760113548190000188e+01 1.575523204569999969e+01 6.368373121030000306e+01 1.284094947561000026e+02 1.855110212709000166e+02 2.360065825431000235e+02 2.806841452135000168e+02 3.203538703982999891e+02 3.557133077652999873e+02 3.873568739488999881e+02 4.157900805717000026e+02 4.414419807711000203e+02 4.646761305040000138e+02
4.159067321373000254e+02 2.960786877340000274e+02 1.907925753402000169e+02 9.563792072089999863e+01 1.381571386990000150e+01 6.730720064749999665e+01 1.327969583835999856e+02 1.906779712334000010e+02 2.419221257849000040e+02 2.873155559306999862e+02 3.276598247084999684e+02 3.636482751093000161e+02 3.958753040004999662e+02 4.248481478660999642e+02 4.509985756570000035e+02 4.746936799659000030e+02
4.137336699004000025e+02 2.941598104524999826e+02 1.888235298195000098e+02 9.344583508149999318e+01 1.156735734429999951e+01 7.122234221780000496e+01 1.375818268863999947e+02 1.963489526433000094e+02 2.484441406516000086e+02 2.946517520674000252e+02 3.357632434622000233e+02 3.724679729473999714e+02 4.053599087599000086e+02 4.349483552817999907e+02 4.616683710815000268e+02 4.858910661154000081e+02
4.116004513799999813e+02 2.922272171654000203e+02 1.867775252760999933e+02 9.104556731609999076e+01 1.067085897840000008e+01 7.548133383779999406e+01 1.428346486860999960e+02 2.026132158079999783e+02 2.556807133851000060e+02 3.028191236750000144e+02 3.448084774047999872e+02 3.823333137908999788e+02 4.159874295518000054e+02 4.462826115317000131e+02 4.736574749230999828e+02 4.984878433471999983e+02
4.094291478072000245e+02 2.902950153378000095e+02 1.846564494486000001e+02 8.843685070589999953e+01 1.061857238860000052e+01 8.014654464090000374e+01 1.486405669700999965e+02 2.095796360960000015e+02 2.637647528467999791e+02 3.119738195072000053e+02 3.549740958142999716e+02 3.934444837959999859e+02 4.279785385362999932e+02 4.590905875307000201e+02 4.872238120709000100e+02 5.127595860632000040e+02
4.072696321867000506e+02 2.883664234254000007e+02 1.824541104859999905e+02 8.560527156829999740e+01 1.182489926890000120e+01 8.529422380610000687e+01 1.551047884098000225e+02 2.173840471006000143e+02 2.728623915877000172e+02 3.223120885105000184e+02 3.664851733721000073e+02 4.060539653949999774e+02 4.416117089896999914e+02 4.736755594599000005e+02 5.026942496597000059e+02 5.290556431165999811e+02
4.051390198013000372e+02 2.864402584384999955e+02 1.801586210234999896e+02 8.252463368339999761e+01 1.400747351629999926e+01 9.103632234319999839e+01 1.623593034473999808e+02 2.261976571692999869e+02 2.831844921491999685e+02 3.340837799141999653e+02 3.796291104841999982e+02 4.204851221394000049e+02 4.572439993110000387e+02 4.904266569347000200e+02 5.204885194375999617e+02 inf
4.030438104952999652e+02 2.845129242850999844e+02 1.777529536065999878e+02 7.915685409229999436e+01 1.790364479149999966e+01 9.748518437760000666e+01 1.705755668133000142e+02 2.362404799811999965e+02 2.950029933133999975e+02 3.476120484890000171e+02 3.947786297349999813e+02 4.371575734179000392e+02 4.753396459117000177e+02 5.098504722579000372e+02 5.411539761015000067e+02 inf
4.009867177979999724e+02 2.825790322606999894e+02 1.752145070642000064e+02 7.545036241809999922e+01 2.221947617400000041e+01 1.047892032391000043e+02 1.799963463208000007e+02 2.477994019328999968e+02 3.086744935963000103e+02 3.633221870005000369e+02 4.124251352670999609e+02 4.566255582467999830e+02 4.965121405864999815e+02 5.326170199222000292e+02 inf inf
3.989684894480000139e+02 2.806399055019999764e+02 1.725139442637999991e+02 7.133663886889999617e+01 2.775726686209999983e+01 1.131512949524999954e+02 1.908868211731000031e+02 2.612563920626000140e+02 3.246757602953999822e+02 3.817845572443999913e+02 4.332288660118999815e+02 4.796337979982000093e+02 inf inf inf inf
3.969891002745999913e+02 2.786928472803999739e+02 1.696132165269000041e+02 6.672474414049999325e+01 3.464445253089999710e+01 1.228426718107999989e+02 2.036372502938999958e+02 2.771302895146999958e+02 3.436578826342999946e+02 4.037797190951000061e+02 4.580938696642999730e+02 inf inf inf inf inf
3.950480877059000022e+02 2.767129795518000037e+02 1.664625220974000115e+02 6.149281432040000084e+01 4.262079310549999889e+01 1.342334038049999947e+02 2.187865781906999985e+02 2.961432990491999817e+02 3.665306644853999956e+02 4.304011483625999972e+02 4.882858786377000229e+02 inf inf inf inf inf
3.931447606907000250e+02 2.746856497758000160e+02 1.629957033174000003e+02 5.547480526980000093e+01 5.199647656519999828e+01 1.478430754702000058e+02 2.370999275822999834e+02 3.193287569181999856e+02 3.946011607920000301e+02 4.632186663283000030e+02 5.256196936533999633e+02 inf inf inf inf inf
3.912783903803999692e+02 2.725917765991999886e+02 1.591230562627999916e+02 4.843932981079999678e+01 6.321789989109999652e+01 1.644239092409999898e+02 2.596985265317999847e+02 3.482128177271999903e+02 4.298030038576000038e+02 5.045484433224999634e+02 inf inf inf inf inf inf
3.894479162389999942e+02 2.704059318894999819e+02 1.547200388132999933e+02 4.005481072359999928e+01 7.694078701979999835e+01 1.851653674031999799e+02 2.882888390709999840e+02 3.851323168770999814e+02 4.750912496281000017e+02 inf inf inf inf inf inf inf
3.876525189466999564e+02 2.680933159539000030e+02 1.496083965633000048e+02 2.982908717269999954e+01 9.421374712429999931e+01 2.117847986741000170e+02 3.255850325208999720e+02 4.338134222727000520e+02 inf inf inf inf inf inf inf 3.516401584811600060e+03
3.858912855099000012e+02 2.656048348301999908e+02 1.435238197823999826e+02 1.801475219980000020e+01 1.166469654493000121e+02 2.472097227863000057e+02 3.761347034244000156e+02 5.004562437163999675e+02 inf inf inf inf inf 3.417467437685500045e+03 3.031934918157699940e+03 2.729443782879499850e+03
3.841633015267000246e+02 2.628686159315000168e+02 1.360568712859000016e+02 8.870182699300000806e+00 1.469878008222999881e+02 2.966129190068999719e+02 4.480123087922999616e+02 inf inf inf inf 3.412631600627900298e+03 2.922111939493000136e+03 2.561580375122100122e+03 2.278620329861400023e+03 2.047028050617999952e+03
3.824677274873999977e+02 2.597749198486000068e+02 1.265371842839999914e+02 2.596348339549999906e+01 1.904783783464999942e+02 3.699028862168000273e+02 inf inf inf 3.606195039065899891e+03 2.902723035302999961e+03 2.441260183273599978e+03 2.104983674121199783e+03 1.845955638523400012e+03 1.640379440828600082e+03 1.473407125898999993e+03
3.808035711297000034e+02 2.561469090159000075e+02 1.137869229570999892e+02 5.770915603550000128e+01 2.577464239606999854e+02 4.890946611632999748e+02 inf inf 3.083632471397700101e+03 2.407419238995599699e+03 1.976594147822999957e+03 1.676094555665700000e+03 1.456028474116900043e+03 1.287895280047900087e+03 1.154500835639800016e+03 1.045223924571999987e+03
3.791700327466999738e+02 2.516796068662000039e+02 9.552854783920000159e+01 1.086243462864999998e+02 3.757474558860999991e+02 inf inf 2.576223849735700242e+03 1.929274592100200152e+03 1.549572021952300020e+03 1.304357788839400200e+03 1.132509253503900027e+03 1.003742635747500003e+03 9.021168801967999116e+02 8.186573593570999492e+02 7.479867957423000462e+02
3.775662808774999917e+02 2.457978757989999963e+02 6.671635077540000225e+01 2.034953534310999999e+02 inf 3.563879895333099739e+03 2.083380842603300152e+03 1.493489532946200143e+03 1.190930287027699933e+03 1.006921755367299966e+03 8.801655119337999622e+02 7.849786344195999845e+02 7.090442418261000057e+02 6.457933359495000332e+02 5.914196175266999944e+02 5.435696681447000174e+02
3.759915110704999961e+02 2.372699775967000164e+02 1.579238006589999976e+01 4.289455944920999855e+02 3.307415177101800055e+03 1.621156197470400002e+03 1.132497873310200021e+03 9.116539555027999313e+02 7.807598183078000602e+02 6.898656158990999074e+02 6.202600255739999966e+02 5.634588617378999515e+02 5.150763352886000348e+02 4.726174430362999601e+02 4.345561842516000297e+02 3.999031931181999653e+02
3.744449307129000317e+02 2.228963152315999992e+02 1.194283003397000016e+02 3.406297894469100356e+03 1.224660420964600007e+03 8.551893456826999227e+02 7.034109863871000243e+02 6.130360335633000659e+02 5.484239448728000070e+02 4.972460287622000124e+02 4.541294695968999804e+02 4.163580967081999802e+02 3.824071599069000058e+02 3.513500515224000083e+02 3.225874396358999547e+02 2.957112381852000453e+02
3.729257846766000171e+02 1.909694705667999983e+02 inf 9.118484278170000152e+02 6.507754373054000325e+02 5.513794613503000619e+02 4.901121121336999522e+02 4.440152158312999973e+02 4.057302074899999980e+02 3.721763270474999672e+02 3.418323895839999977e+02 3.138558819674000233e+02 2.877378351268000074e+02 2.631483329632999926e+02 2.398610975017000158e+02 2.177128476344000205e+02
3.714333393251000075e+02 4.113210050049999467e+01 6.756700449863000131e+02 5.035489469167999914e+02 4.422403782810999928e+02 4.011983317583999451e+02 3.677467678140000089e+02 3.382152945712000474e+02 3.111514878931000112e+02 2.858621861258999957e+02 2.619698524232999830e+02 2.392467642295999894e+02 2.175434636524999803e+02 1.967545338122999965e+02 1.768010758880000139e+02 1.576208299840999985e+02
3.699668835786999921e+02 4.987727926471999922e+02 4.016597171921999916e+02 3.669194389634999993e+02 3.390304707376000124e+02 3.136005090386000234e+02 2.895824400792999995e+02 2.666123235695999938e+02 2.445303625262999958e+02 2.232517387487999940e+02 2.027231086925000056e+02 1.829053497565000157e+02 1.637665267088000007e+02 1.452784643393999886e+02 1.274151277073999893e+02 1.101520567848999974e+02
3.685257301922000579e+02 3.432414383752999925e+02 3.216235835735000137e+02 2.997749268015999746e+02 2.780481446938999852e+02 2.566447396644999799e+02 2.356824770588000035e+02 2.152302246545000060e+02 1.953265639101000204e+02 1.759909628286000043e+02 1.572304017975999955e+02 1.390434566380999968e+02 1.214230112247000051e+02 1.043582921132999957e+02 8.783600937829999111e+01 7.322937784660000204e+01
3.671092152322000288e+02 3.107641655418999562e+02 2.834326331125000138e+02 2.599160667474999968e+02 2.378777822451000077e+02 2.167597830272000010e+02 1.963836106895000171e+02 1.766791677974999857e+02 1.576118670031999898e+02 1.391592636534000178e+02 1.213028720246000063e+02 1.040251301460000093e+02 8.730857260339999470e+01 7.144195571589999361e+01 5.860588150579999933e+01 4.615960849209999850e+01
3.657166965110000092e+02 2.962164289229000360e+02 2.609084299405000138e+02 2.334708853015000045e+02 2.094209048037999992e+02 1.872995135127999902e+02 1.665025174228999845e+02 1.467355589533000000e+02 1.278355660402999945e+02 1.097014646837999976e+02 9.226448625059998676e+01 7.547353014440000152e+01 6.068198019980000169e+01 4.789319802760000044e+01 3.694949072650000232e+01 3.560285336460000138e+01
3.643475506746000292e+02 2.876736744539999791e+02 2.459281154042000139e+02 2.145903319953999926e+02 1.881885480562000055e+02 1.646517581379000035e+02 1.430304551044000050e+02 1.228277696253999949e+02 1.037557867605000013e+02 8.563299279710000178e+01 6.833686509169999113e+01 5.363808841230000013e+01 4.064197583509999845e+01 3.230917868689999750e+01 3.842058769180000155e+01 5.178108335790000183e+01
