-3.7322768 -7.6674815 -4.4806430 -0.9184897 5.6764161
-3.7322766 -7.6674815 -4.4806435 -0.9184897 5.6764135
-3.7322766 -7.6674815 -4.4806434 -0.9184894 5.6764125
-3.7322766 -7.6674815 -4.4806432 -0.9184890 5.6764125
-3.7322766 -7.6674813 -4.4806432 -0.9184897 5.6764146
-3.7322766 -7.6674813 -4.4806430 -0.9184895 5.6764133
-3.7322764 -7.6674813 -4.4806437 -0.9184897 5.6764121
-3.7322764 -7.6674813 -4.4806435 -0.9184894 5.6764112
-3.7322764 -7.6674813 -4.4806434 -0.9184890 5.6764137
-3.7322764 -7.6674812 -4.4806434 -0.9184897 5.6764142
-3.7322764 -7.6674812 -4.4806432 -0.9184895 5.6764128
-3.7322764 -7.6674812 -4.4806430 -0.9184890 5.6764122
-3.7322764 -7.6674810 -4.4806430 -0.9184897 5.6764153
-3.7322763 -7.6674812 -4.4806437 -0.9184894 5.6764131
-3.7322763 -7.6674810 -4.4806435 -0.9184897 5.6764127
-3.7322763 -7.6674810 -4.4806434 -0.9184895 5.6764124
-3.7322763 -7.6674810 -4.4806432 -0.9184890 5.6764125
-3.7322763 -7.6674808 -4.4806430 -0.9184897 5.6764131
-3.7322761 -7.6674810 -4.4806437 -0.9184890 5.6764167
-3.7322761 -7.6674808 -4.4806437 -0.9184897 5.6764133
-3.7322761 -7.6674808 -4.4806435 -0.9184895 5.6764126
-3.7322761 -7.6674808 -4.4806434 -0.9184890 5.6764135
0.0000000 0.0000000 0.0000000 0.0000000 0.0000000
