0.0000000 0.0000000 2.0000000 0.0000000 5.6764119
0.0000000 0.0000000 3.0000000 2.0000000 5.6764119
0.0000000 0.0000000 4.0000000 4.0000000 5.6764119
1.0000000 0.0000000 0.0000000 0.0000000 5.6764120
1.0000000 0.0000000 2.0000000 1.0000000 5.6764112
1.0000000 1.0000000 1.0000000 0.0000000 5.6764119
1.0000000 2.0000000 4.0000000 1.0000000 5.6764119
2.0000000 0.0000000 0.0000000 5.0000000 5.6764114
2.0000000 1.0000000 1.0000000 1.0000000 5.6764111
2.0000000 1.0000000 2.0000000 4.0000000 5.6764112
2.0000000 2.0000000 0.0000000 0.0000000 5.6764120
2.0000000 2.0000000 3.0000000 0.0000000 5.6764112
2.0000000 3.0000000 3.0000000 1.0000000 5.6764119
2.0000000 3.0000000 4.0000000 3.0000000 5.6764119
3.0000000 2.0000000 1.0000000 4.0000000 5.6764113
3.0000000 3.0000000 0.0000000 0.0000000 5.6764121
3.0000000 3.0000000 2.0000000 0.0000000 5.6764112
3.0000000 3.0000000 3.0000000 3.0000000 5.6764112
3.0000000 3.0000000 4.0000000 5.0000000 5.6764112
4.0000000 3.0000000 0.0000000 4.0000000 5.6764114
4.0000000 4.0000000 0.0000000 0.0000000 5.6764122
4.0000000 4.0000000 2.0000000 3.0000000 5.6764113
0.0000000 0.0000000 0.0000000 0.0000000 0.0000000
