0.0000000 0.0000000 4.0000000 0.0000000 5.6764161
1.0000000 0.0000000 1.0000000 0.0000000 5.6764135
1.0000000 0.0000000 2.0000000 2.0000000 5.6764125
1.0000000 0.0000000 3.0000000 4.0000000 5.6764125
1.0000000 1.0000000 3.0000000 0.0000000 5.6764146
1.0000000 1.0000000 4.0000000 1.0000000 5.6764133
2.0000000 1.0000000 0.0000000 0.0000000 5.6764121
2.0000000 1.0000000 1.0000000 2.0000000 5.6764112
2.0000000 1.0000000 2.0000000 4.0000000 5.6764137
2.0000000 2.0000000 2.0000000 0.0000000 5.6764142
2.0000000 2.0000000 3.0000000 1.0000000 5.6764128
2.0000000 2.0000000 4.0000000 4.0000000 5.6764122
2.0000000 3.0000000 4.0000000 0.0000000 5.6764153
3.0000000 2.0000000 0.0000000 2.0000000 5.6764131
3.0000000 3.0000000 1.0000000 0.0000000 5.6764127
3.0000000 3.0000000 2.0000000 1.0000000 5.6764124
3.0000000 3.0000000 3.0000000 4.0000000 5.6764125
3.0000000 4.0000000 4.0000000 0.0000000 5.6764131
4.0000000 3.0000000 0.0000000 4.0000000 5.6764167
4.0000000 4.0000000 0.0000000 0.0000000 5.6764133
4.0000000 4.0000000 1.0000000 1.0000000 5.6764126
4.0000000 4.0000000 2.0000000 4.0000000 5.6764135
0.0000000 0.0000000 0.0000000 0.0000000 0.0000000
