-3.7322765 -7.6674814 -4.4806435 -0.9184894 5.6764119
-3.7322765 -7.6674814 -4.4806435 -0.9184894 5.6764119
-3.7322765 -7.6674814 -4.4806435 -0.9184894 5.6764119
-3.7322765 -7.6674814 -4.4806436 -0.9184894 5.6764120
-3.7322765 -7.6674814 -4.4806435 -0.9184894 5.6764112
-3.7322765 -7.6674814 -4.4806436 -0.9184894 5.6764119
-3.7322765 -7.6674813 -4.4806435 -0.9184894 5.6764119
-3.7322765 -7.6674814 -4.4806436 -0.9184893 5.6764114
-3.7322765 -7.6674814 -4.4806436 -0.9184894 5.6764111
-3.7322765 -7.6674814 -4.4806435 -0.9184894 5.6764112
-3.7322765 -7.6674813 -4.4806436 -0.9184894 5.6764120
-3.7322765 -7.6674813 -4.4806435 -0.9184894 5.6764112
-3.7322765 -7.6674813 -4.4806435 -0.9184894 5.6764119
-3.7322765 -7.6674813 -4.4806435 -0.9184894 5.6764119
-3.7322764 -7.6674813 -4.4806436 -0.9184894 5.6764113
-3.7322764 -7.6674813 -4.4806436 -0.9184894 5.6764121
-3.7322764 -7.6674813 -4.4806435 -0.9184894 5.6764112
-3.7322764 -7.6674813 -4.4806435 -0.9184894 5.6764112
-3.7322764 -7.6674813 -4.4806435 -0.9184893 5.6764112
-3.7322764 -7.6674813 -4.4806436 -0.9184894 5.6764114
-3.7322764 -7.6674813 -4.4806436 -0.9184894 5.6764122
-3.7322764 -7.6674813 -4.4806435 -0.9184894 5.6764113
0.0000000 0.0000000 0.0000000 0.0000000 0.0000000
