2.0000000 0.0000000 12.0000000 0.0000000 5.6764535
3.0000000 0.0000000 9.0000000 0.0000000 5.6764421
3.0000000 0.0000000 10.0000000 1.0000000 5.6764369
3.0000000 0.0000000 11.0000000 4.0000000 5.6764361
3.0000000 0.0000000 12.0000000 6.0000000 5.6764331
3.0000000 1.0000000 12.0000000 0.0000000 5.6764421
4.0000000 0.0000000 6.0000000 0.0000000 5.6764318
4.0000000 0.0000000 7.0000000 3.0000000 5.6764310
4.0000000 0.0000000 8.0000000 5.0000000 5.6764280
4.0000000 0.0000000 9.0000000 8.0000000 5.6764273
4.0000000 0.0000000 10.0000000 10.0000000 5.6764263
4.0000000 0.0000000 11.0000000 13.0000000 5.6764236
4.0000000 1.0000000 8.0000000 0.0000000 5.6764382
4.0000000 1.0000000 9.0000000 2.0000000 5.6764352
4.0000000 1.0000000 10.0000000 4.0000000 5.6764322
4.0000000 1.0000000 11.0000000 7.0000000 5.6764315
4.0000000 1.0000000 12.0000000 9.0000000 5.6764285
4.0000000 2.0000000 11.0000000 0.0000000 5.6764382
4.0000000 2.0000000 12.0000000 3.0000000 5.6764374
4.0000000 3.0000000 12.0000000 0.0000000 5.6764531
5.0000000 0.0000000 2.0000000 0.0000000 5.6764279
5.0000000 0.0000000 3.0000000 2.0000000 5.6764249
5.0000000 0.0000000 4.0000000 4.0000000 5.6764229
5.0000000 0.0000000 5.0000000 7.0000000 5.6764212
5.0000000 0.0000000 6.0000000 10.0000000 5.6764204
5.0000000 0.0000000 7.0000000 12.0000000 5.6764174
5.0000000 1.0000000 5.0000000 1.0000000 5.6764301
5.0000000 1.0000000 6.0000000 3.0000000 5.6764271
5.0000000 1.0000000 7.0000000 6.0000000 5.6764264
5.0000000 1.0000000 8.0000000 8.0000000 5.6764234
5.0000000 1.0000000 9.0000000 11.0000000 5.6764226
5.0000000 1.0000000 10.0000000 13.0000000 5.6764196
5.0000000 2.0000000 7.0000000 0.0000000 5.6764353
5.0000000 2.0000000 8.0000000 2.0000000 5.6764323
5.0000000 2.0000000 9.0000000 4.0000000 5.6764303
5.0000000 2.0000000 10.0000000 7.0000000 5.6764286
5.0000000 2.0000000 11.0000000 10.0000000 5.6764278
5.0000000 2.0000000 12.0000000 12.0000000 5.6764248
5.0000000 3.0000000 10.0000000 1.0000000 5.6764365
5.0000000 3.0000000 11.0000000 3.0000000 5.6764335
5.0000000 3.0000000 12.0000000 6.0000000 5.6764327
5.0000000 4.0000000 12.0000000 0.0000000 5.6764417
6.0000000 0.0000000 0.0000000 3.0000000 5.6764178
6.0000000 0.0000000 1.0000000 6.0000000 5.6764151
6.0000000 0.0000000 2.0000000 9.0000000 5.6764145
6.0000000 0.0000000 3.0000000 11.0000000 5.6764141
6.0000000 0.0000000 4.0000000 13.0000000 5.6764186
6.0000000 1.0000000 1.0000000 0.0000000 5.6764240
6.0000000 1.0000000 2.0000000 2.0000000 5.6764210
6.0000000 1.0000000 3.0000000 5.0000000 5.6764203
6.0000000 1.0000000 4.0000000 7.0000000 5.6764173
6.0000000 1.0000000 5.0000000 10.0000000 5.6764165
6.0000000 1.0000000 6.0000000 12.0000000 5.6764145
6.0000000 2.0000000 3.0000000 0.0000000 5.6764315
6.0000000 2.0000000 4.0000000 1.0000000 5.6764262
6.0000000 2.0000000 5.0000000 3.0000000 5.6764252
6.0000000 2.0000000 6.0000000 6.0000000 5.6764225
6.0000000 2.0000000 7.0000000 9.0000000 5.6764217
6.0000000 2.0000000 8.0000000 11.0000000 5.6764187
6.0000000 2.0000000 9.0000000 13.0000000 5.6764207
6.0000000 3.0000000 6.0000000 0.0000000 5.6764314
6.0000000 3.0000000 7.0000000 2.0000000 5.6764284
6.0000000 3.0000000 8.0000000 5.0000000 5.6764276
6.0000000 3.0000000 9.0000000 7.0000000 5.6764246
6.0000000 3.0000000 10.0000000 10.0000000 5.6764239
6.0000000 3.0000000 11.0000000 12.0000000 5.6764219
6.0000000 4.0000000 8.0000000 0.0000000 5.6764378
6.0000000 4.0000000 9.0000000 1.0000000 5.6764326
6.0000000 4.0000000 10.0000000 4.0000000 5.6764318
6.0000000 4.0000000 11.0000000 6.0000000 5.6764288
6.0000000 4.0000000 12.0000000 9.0000000 5.6764291
6.0000000 5.0000000 11.0000000 0.0000000 5.6764378
6.0000000 5.0000000 12.0000000 2.0000000 5.6764348
6.0000000 6.0000000 12.0000000 0.0000000 5.6764527
7.0000000 0.0000000 0.0000000 12.0000000 5.6764266
7.0000000 1.0000000 0.0000000 6.0000000 5.6764122
7.0000000 1.0000000 1.0000000 9.0000000 5.6764177
7.0000000 1.0000000 2.0000000 11.0000000 5.6764182
7.0000000 1.0000000 3.0000000 13.0000000 5.6764267
7.0000000 2.0000000 0.0000000 0.0000000 5.6764201
7.0000000 2.0000000 1.0000000 3.0000000 5.6764193
7.0000000 2.0000000 2.0000000 5.0000000 5.6764163
7.0000000 2.0000000 3.0000000 8.0000000 5.6764156
7.0000000 2.0000000 4.0000000 10.0000000 5.6764126
7.0000000 2.0000000 5.0000000 12.0000000 5.6764173
7.0000000 3.0000000 2.0000000 0.0000000 5.6764275
7.0000000 3.0000000 3.0000000 1.0000000 5.6764223
7.0000000 3.0000000 4.0000000 4.0000000 5.6764215
7.0000000 3.0000000 5.0000000 6.0000000 5.6764185
7.0000000 3.0000000 6.0000000 9.0000000 5.6764178
7.0000000 3.0000000 7.0000000 11.0000000 5.6764168
7.0000000 4.0000000 5.0000000 0.0000000 5.6764275
7.0000000 4.0000000 6.0000000 3.0000000 5.6764267
7.0000000 4.0000000 7.0000000 5.0000000 5.6764237
7.0000000 4.0000000 8.0000000 8.0000000 5.6764230
7.0000000 4.0000000 9.0000000 10.0000000 5.6764200
7.0000000 4.0000000 10.0000000 13.0000000 5.6764192
7.0000000 5.0000000 7.0000000 0.0000000 5.6764349
7.0000000 5.0000000 8.0000000 1.0000000 5.6764296
7.0000000 5.0000000 9.0000000 4.0000000 5.6764289
7.0000000 5.0000000 10.0000000 6.0000000 5.6764259
7.0000000 5.0000000 11.0000000 9.0000000 5.6764252
7.0000000 5.0000000 12.0000000 11.0000000 5.6764242
7.0000000 6.0000000 10.0000000 0.0000000 5.6764338
7.0000000 6.0000000 11.0000000 3.0000000 5.6764331
7.0000000 6.0000000 12.0000000 5.0000000 5.6764301
7.0000000 7.0000000 12.0000000 0.0000000 5.6764413
8.0000000 2.0000000 0.0000000 9.0000000 5.6764198
8.0000000 2.0000000 1.0000000 11.0000000 5.6764253
8.0000000 3.0000000 0.0000000 3.0000000 5.6764164
8.0000000 3.0000000 1.0000000 5.0000000 5.6764134
8.0000000 3.0000000 2.0000000 8.0000000 5.6764155
8.0000000 3.0000000 3.0000000 10.0000000 5.6764170
8.0000000 3.0000000 4.0000000 13.0000000 5.6764206
8.0000000 4.0000000 1.0000000 0.0000000 5.6764236
8.0000000 4.0000000 2.0000000 2.0000000 5.6764206
8.0000000 4.0000000 3.0000000 4.0000000 5.6764176
8.0000000 4.0000000 4.0000000 7.0000000 5.6764169
8.0000000 4.0000000 5.0000000 9.0000000 5.6764139
8.0000000 4.0000000 6.0000000 12.0000000 5.6764153
8.0000000 5.0000000 4.0000000 0.0000000 5.6764235
8.0000000 5.0000000 5.0000000 3.0000000 5.6764228
8.0000000 5.0000000 6.0000000 5.0000000 5.6764208
8.0000000 5.0000000 7.0000000 8.0000000 5.6764191
8.0000000 5.0000000 8.0000000 11.0000000 5.6764183
8.0000000 5.0000000 9.0000000 13.0000000 5.6764153
8.0000000 6.0000000 6.0000000 0.0000000 5.6764310
8.0000000 6.0000000 7.0000000 2.0000000 5.6764280
8.0000000 6.0000000 8.0000000 4.0000000 5.6764250
8.0000000 6.0000000 9.0000000 7.0000000 5.6764242
8.0000000 6.0000000 10.0000000 9.0000000 5.6764212
8.0000000 6.0000000 11.0000000 12.0000000 5.6764205
8.0000000 7.0000000 9.0000000 0.0000000 5.6764309
8.0000000 7.0000000 10.0000000 3.0000000 5.6764302
8.0000000 7.0000000 11.0000000 5.0000000 5.6764282
8.0000000 7.0000000 12.0000000 8.0000000 5.6764264
8.0000000 8.0000000 11.0000000 0.0000000 5.6764374
8.0000000 8.0000000 12.0000000 2.0000000 5.6764344
9.0000000 3.0000000 0.0000000 12.0000000 5.6764277
9.0000000 4.0000000 0.0000000 5.0000000 5.6764169
9.0000000 4.0000000 1.0000000 8.0000000 5.6764176
9.0000000 4.0000000 2.0000000 11.0000000 5.6764233
9.0000000 4.0000000 3.0000000 13.0000000 5.6764228
9.0000000 5.0000000 0.0000000 0.0000000 5.6764197
9.0000000 5.0000000 1.0000000 2.0000000 5.6764177
9.0000000 5.0000000 2.0000000 4.0000000 5.6764157
9.0000000 5.0000000 3.0000000 7.0000000 5.6764139
9.0000000 5.0000000 4.0000000 9.0000000 5.6764157
9.0000000 5.0000000 5.0000000 12.0000000 5.6764184
9.0000000 6.0000000 3.0000000 1.0000000 5.6764219
9.0000000 6.0000000 4.0000000 3.0000000 5.6764189
9.0000000 6.0000000 5.0000000 6.0000000 5.6764181
9.0000000 6.0000000 6.0000000 8.0000000 5.6764151
9.0000000 6.0000000 7.0000000 11.0000000 5.6764144
9.0000000 6.0000000 8.0000000 13.0000000 5.6764135
9.0000000 7.0000000 5.0000000 0.0000000 5.6764271
9.0000000 7.0000000 6.0000000 2.0000000 5.6764241
9.0000000 7.0000000 7.0000000 4.0000000 5.6764231
9.0000000 7.0000000 8.0000000 7.0000000 5.6764203
9.0000000 7.0000000 9.0000000 10.0000000 5.6764196
9.0000000 7.0000000 10.0000000 12.0000000 5.6764166
9.0000000 8.0000000 8.0000000 1.0000000 5.6764292
9.0000000 8.0000000 9.0000000 3.0000000 5.6764262
9.0000000 8.0000000 10.0000000 6.0000000 5.6764255
9.0000000 8.0000000 11.0000000 8.0000000 5.6764225
9.0000000 8.0000000 12.0000000 11.0000000 5.6764218
9.0000000 9.0000000 10.0000000 0.0000000 5.6764344
9.0000000 9.0000000 11.0000000 2.0000000 5.6764314
9.0000000 9.0000000 12.0000000 4.0000000 5.6764304
9.0000000 10.0000000 12.0000000 0.0000000 5.6764409
10.0000000 4.0000000 0.0000000 13.0000000 5.6764491
10.0000000 5.0000000 0.0000000 8.0000000 5.6764237
10.0000000 5.0000000 1.0000000 11.0000000 5.6764254
10.0000000 5.0000000 2.0000000 13.0000000 5.6764309
10.0000000 6.0000000 0.0000000 2.0000000 5.6764138
10.0000000 6.0000000 1.0000000 5.0000000 5.6764159
10.0000000 6.0000000 2.0000000 7.0000000 5.6764154
10.0000000 6.0000000 3.0000000 10.0000000 5.6764210
10.0000000 6.0000000 4.0000000 12.0000000 5.6764215
10.0000000 7.0000000 1.0000000 0.0000000 5.6764232
10.0000000 7.0000000 2.0000000 1.0000000 5.6764180
10.0000000 7.0000000 3.0000000 4.0000000 5.6764172
10.0000000 7.0000000 4.0000000 6.0000000 5.6764142
10.0000000 7.0000000 5.0000000 9.0000000 5.6764157
10.0000000 7.0000000 6.0000000 11.0000000 5.6764162
10.0000000 7.0000000 7.0000000 13.0000000 5.6764207
10.0000000 8.0000000 4.0000000 0.0000000 5.6764231
10.0000000 8.0000000 5.0000000 2.0000000 5.6764201
10.0000000 8.0000000 6.0000000 5.0000000 5.6764194
10.0000000 8.0000000 7.0000000 7.0000000 5.6764164
10.0000000 8.0000000 8.0000000 10.0000000 5.6764157
10.0000000 8.0000000 9.0000000 12.0000000 5.6764147
10.0000000 9.0000000 6.0000000 0.0000000 5.6764306
10.0000000 9.0000000 7.0000000 1.0000000 5.6764253
10.0000000 9.0000000 8.0000000 4.0000000 5.6764246
10.0000000 9.0000000 9.0000000 6.0000000 5.6764216
10.0000000 9.0000000 10.0000000 9.0000000 5.6764208
10.0000000 9.0000000 11.0000000 11.0000000 5.6764178
10.0000000 9.0000000 12.0000000 13.0000000 5.6764208
10.0000000 10.0000000 9.0000000 0.0000000 5.6764305
10.0000000 10.0000000 10.0000000 2.0000000 5.6764275
10.0000000 10.0000000 11.0000000 5.0000000 5.6764268
10.0000000 10.0000000 12.0000000 7.0000000 5.6764238
10.0000000 11.0000000 11.0000000 0.0000000 5.6764380
10.0000000 11.0000000 12.0000000 1.0000000 5.6764327
11.0000000 6.0000000 0.0000000 11.0000000 5.6764296
11.0000000 6.0000000 1.0000000 13.0000000 5.6764381
11.0000000 7.0000000 0.0000000 5.0000000 5.6764180
11.0000000 7.0000000 1.0000000 7.0000000 5.6764225
11.0000000 7.0000000 2.0000000 10.0000000 5.6764232
11.0000000 7.0000000 3.0000000 12.0000000 5.6764287
11.0000000 8.0000000 0.0000000 0.0000000 5.6764203
11.0000000 8.0000000 1.0000000 1.0000000 5.6764150
11.0000000 8.0000000 2.0000000 4.0000000 5.6764143
11.0000000 8.0000000 3.0000000 6.0000000 5.6764131
11.0000000 8.0000000 4.0000000 9.0000000 5.6764188
11.0000000 8.0000000 5.0000000 11.0000000 5.6764203
11.0000000 8.0000000 6.0000000 13.0000000 5.6764288
11.0000000 9.0000000 3.0000000 0.0000000 5.6764192
11.0000000 9.0000000 4.0000000 3.0000000 5.6764185
11.0000000 9.0000000 5.0000000 5.0000000 5.6764155
11.0000000 9.0000000 6.0000000 8.0000000 5.6764147
11.0000000 9.0000000 7.0000000 10.0000000 5.6764129
11.0000000 9.0000000 8.0000000 13.0000000 5.6764186
11.0000000 10.0000000 5.0000000 0.0000000 5.6764267
11.0000000 10.0000000 6.0000000 1.0000000 5.6764214
11.0000000 10.0000000 7.0000000 4.0000000 5.6764207
11.0000000 10.0000000 8.0000000 6.0000000 5.6764187
11.0000000 10.0000000 9.0000000 9.0000000 5.6764169
11.0000000 10.0000000 10.0000000 12.0000000 5.6764162
11.0000000 11.0000000 8.0000000 0.0000000 5.6764266
11.0000000 11.0000000 9.0000000 3.0000000 5.6764258
11.0000000 11.0000000 10.0000000 5.0000000 5.6764228
11.0000000 11.0000000 11.0000000 8.0000000 5.6764221
11.0000000 11.0000000 12.0000000 10.0000000 5.6764191
11.0000000 12.0000000 10.0000000 0.0000000 5.6764340
11.0000000 12.0000000 11.0000000 1.0000000 5.6764288
11.0000000 12.0000000 12.0000000 4.0000000 5.6764280
12.0000000 7.0000000 0.0000000 13.0000000 5.6764452
12.0000000 8.0000000 0.0000000 8.0000000 5.6764258
12.0000000 8.0000000 1.0000000 10.0000000 5.6764283
12.0000000 8.0000000 2.0000000 13.0000000 5.6764310
12.0000000 9.0000000 0.0000000 1.0000000 5.6764151
12.0000000 9.0000000 1.0000000 4.0000000 5.6764158
12.0000000 9.0000000 2.0000000 6.0000000 5.6764203
12.0000000 9.0000000 3.0000000 9.0000000 5.6764209
12.0000000 9.0000000 4.0000000 12.0000000 5.6764266
12.0000000 10.0000000 2.0000000 0.0000000 5.6764163
12.0000000 10.0000000 3.0000000 3.0000000 5.6764156
12.0000000 10.0000000 4.0000000 5.0000000 5.6764136
12.0000000 10.0000000 5.0000000 8.0000000 5.6764166
12.0000000 10.0000000 6.0000000 10.0000000 5.6764191
12.0000000 10.0000000 7.0000000 13.0000000 5.6764217
12.0000000 11.0000000 4.0000000 0.0000000 5.6764227
12.0000000 11.0000000 5.0000000 2.0000000 5.6764197
12.0000000 11.0000000 6.0000000 4.0000000 5.6764167
12.0000000 11.0000000 7.0000000 7.0000000 5.6764160
12.0000000 11.0000000 8.0000000 9.0000000 5.6764130
12.0000000 11.0000000 9.0000000 12.0000000 5.6764164
12.0000000 12.0000000 7.0000000 0.0000000 5.6764227
12.0000000 12.0000000 8.0000000 3.0000000 5.6764219
12.0000000 12.0000000 9.0000000 5.0000000 5.6764209
12.0000000 12.0000000 10.0000000 8.0000000 5.6764182
12.0000000 12.0000000 11.0000000 11.0000000 5.6764174
12.0000000 12.0000000 12.0000000 13.0000000 5.6764144
0.0000000 0.0000000 0.0000000 0.0000000 0.0000000
