-3.7322798 -7.6674817 -4.4806346 -0.9184935 5.6764535
-3.7322791 -7.6674817 -4.4806368 -0.9184935 5.6764421
-3.7322791 -7.6674817 -4.4806360 -0.9184928 5.6764369
-3.7322791 -7.6674817 -4.4806353 -0.9184906 5.6764361
-3.7322791 -7.6674817 -4.4806346 -0.9184892 5.6764331
-3.7322791 -7.6674810 -4.4806346 -0.9184935 5.6764421
-3.7322784 -7.6674817 -4.4806389 -0.9184935 5.6764318
-3.7322784 -7.6674817 -4.4806382 -0.9184914 5.6764310
-3.7322784 -7.6674817 -4.4806375 -0.9184899 5.6764280
-3.7322784 -7.6674817 -4.4806368 -0.9184878 5.6764273
-3.7322784 -7.6674817 -4.4806360 -0.9184864 5.6764263
-3.7322784 -7.6674817 -4.4806353 -0.9184842 5.6764236
-3.7322784 -7.6674810 -4.4806375 -0.9184935 5.6764382
-3.7322784 -7.6674810 -4.4806368 -0.9184921 5.6764352
-3.7322784 -7.6674810 -4.4806360 -0.9184906 5.6764322
-3.7322784 -7.6674810 -4.4806353 -0.9184885 5.6764315
-3.7322784 -7.6674810 -4.4806346 -0.9184871 5.6764285
-3.7322784 -7.6674803 -4.4806353 -0.9184935 5.6764382
-3.7322784 -7.6674803 -4.4806346 -0.9184914 5.6764374
-3.7322784 -7.6674795 -4.4806346 -0.9184935 5.6764531
-3.7322777 -7.6674817 -4.4806418 -0.9184935 5.6764279
-3.7322777 -7.6674817 -4.4806410 -0.9184921 5.6764249
-3.7322777 -7.6674817 -4.4806403 -0.9184906 5.6764229
-3.7322777 -7.6674817 -4.4806396 -0.9184885 5.6764212
-3.7322777 -7.6674817 -4.4806389 -0.9184864 5.6764204
-3.7322777 -7.6674817 -4.4806382 -0.9184849 5.6764174
-3.7322777 -7.6674810 -4.4806396 -0.9184928 5.6764301
-3.7322777 -7.6674810 -4.4806389 -0.9184914 5.6764271
-3.7322777 -7.6674810 -4.4806382 -0.9184892 5.6764264
-3.7322777 -7.6674810 -4.4806375 -0.9184878 5.6764234
-3.7322777 -7.6674810 -4.4806368 -0.9184856 5.6764226
-3.7322777 -7.6674810 -4.4806360 -0.9184842 5.6764196
-3.7322777 -7.6674803 -4.4806382 -0.9184935 5.6764353
-3.7322777 -7.6674803 -4.4806375 -0.9184921 5.6764323
-3.7322777 -7.6674803 -4.4806368 -0.9184906 5.6764303
-3.7322777 -7.6674803 -4.4806360 -0.9184885 5.6764286
-3.7322777 -7.6674803 -4.4806353 -0.9184864 5.6764278
-3.7322777 -7.6674803 -4.4806346 -0.9184849 5.6764248
-3.7322777 -7.6674795 -4.4806360 -0.9184928 5.6764365
-3.7322777 -7.6674795 -4.4806353 -0.9184914 5.6764335
-3.7322777 -7.6674795 -4.4806346 -0.9184892 5.6764327
-3.7322777 -7.6674788 -4.4806346 -0.9184935 5.6764417
-3.7322770 -7.6674817 -4.4806432 -0.9184914 5.6764178
-3.7322770 -7.6674817 -4.4806425 -0.9184892 5.6764151
-3.7322770 -7.6674817 -4.4806418 -0.9184871 5.6764145
-3.7322770 -7.6674817 -4.4806410 -0.9184856 5.6764141
-3.7322770 -7.6674817 -4.4806403 -0.9184842 5.6764186
-3.7322770 -7.6674810 -4.4806425 -0.9184935 5.6764240
-3.7322770 -7.6674810 -4.4806418 -0.9184921 5.6764210
-3.7322770 -7.6674810 -4.4806410 -0.9184899 5.6764203
-3.7322770 -7.6674810 -4.4806403 -0.9184885 5.6764173
-3.7322770 -7.6674810 -4.4806396 -0.9184864 5.6764165
-3.7322770 -7.6674810 -4.4806389 -0.9184849 5.6764145
-3.7322770 -7.6674803 -4.4806410 -0.9184935 5.6764315
-3.7322770 -7.6674803 -4.4806403 -0.9184928 5.6764262
-3.7322770 -7.6674803 -4.4806396 -0.9184914 5.6764252
-3.7322770 -7.6674803 -4.4806389 -0.9184892 5.6764225
-3.7322770 -7.6674803 -4.4806382 -0.9184871 5.6764217
-3.7322770 -7.6674803 -4.4806375 -0.9184856 5.6764187
-3.7322770 -7.6674803 -4.4806368 -0.9184842 5.6764207
-3.7322770 -7.6674795 -4.4806389 -0.9184935 5.6764314
-3.7322770 -7.6674795 -4.4806382 -0.9184921 5.6764284
-3.7322770 -7.6674795 -4.4806375 -0.9184899 5.6764276
-3.7322770 -7.6674795 -4.4806368 -0.9184885 5.6764246
-3.7322770 -7.6674795 -4.4806360 -0.9184864 5.6764239
-3.7322770 -7.6674795 -4.4806353 -0.9184849 5.6764219
-3.7322770 -7.6674788 -4.4806375 -0.9184935 5.6764378
-3.7322770 -7.6674788 -4.4806368 -0.9184928 5.6764326
-3.7322770 -7.6674788 -4.4806360 -0.9184906 5.6764318
-3.7322770 -7.6674788 -4.4806353 -0.9184892 5.6764288
-3.7322770 -7.6674788 -4.4806346 -0.9184871 5.6764291
-3.7322770 -7.6674781 -4.4806353 -0.9184935 5.6764378
-3.7322770 -7.6674781 -4.4806346 -0.9184921 5.6764348
-3.7322770 -7.6674774 -4.4806346 -0.9184935 5.6764527
-3.7322763 -7.6674817 -4.4806432 -0.9184849 5.6764266
-3.7322763 -7.6674810 -4.4806432 -0.9184892 5.6764122
-3.7322763 -7.6674810 -4.4806425 -0.9184871 5.6764177
-3.7322763 -7.6674810 -4.4806418 -0.9184856 5.6764182
-3.7322763 -7.6674810 -4.4806410 -0.9184842 5.6764267
-3.7322763 -7.6674803 -4.4806432 -0.9184935 5.6764201
-3.7322763 -7.6674803 -4.4806425 -0.9184914 5.6764193
-3.7322763 -7.6674803 -4.4806418 -0.9184899 5.6764163
-3.7322763 -7.6674803 -4.4806410 -0.9184878 5.6764156
-3.7322763 -7.6674803 -4.4806403 -0.9184864 5.6764126
-3.7322763 -7.6674803 -4.4806396 -0.9184849 5.6764173
-3.7322763 -7.6674795 -4.4806418 -0.9184935 5.6764275
-3.7322763 -7.6674795 -4.4806410 -0.9184928 5.6764223
-3.7322763 -7.6674795 -4.4806403 -0.9184906 5.6764215
-3.7322763 -7.6674795 -4.4806396 -0.9184892 5.6764185
-3.7322763 -7.6674795 -4.4806389 -0.9184871 5.6764178
-3.7322763 -7.6674795 -4.4806382 -0.9184856 5.6764168
-3.7322763 -7.6674788 -4.4806396 -0.9184935 5.6764275
-3.7322763 -7.6674788 -4.4806389 -0.9184914 5.6764267
-3.7322763 -7.6674788 -4.4806382 -0.9184899 5.6764237
-3.7322763 -7.6674788 -4.4806375 -0.9184878 5.6764230
-3.7322763 -7.6674788 -4.4806368 -0.9184864 5.6764200
-3.7322763 -7.6674788 -4.4806360 -0.9184842 5.6764192
-3.7322763 -7.6674781 -4.4806382 -0.9184935 5.6764349
-3.7322763 -7.6674781 -4.4806375 -0.9184928 5.6764296
-3.7322763 -7.6674781 -4.4806368 -0.9184906 5.6764289
-3.7322763 -7.6674781 -4.4806360 -0.9184892 5.6764259
-3.7322763 -7.6674781 -4.4806353 -0.9184871 5.6764252
-3.7322763 -7.6674781 -4.4806346 -0.9184856 5.6764242
-3.7322763 -7.6674774 -4.4806360 -0.9184935 5.6764338
-3.7322763 -7.6674774 -4.4806353 -0.9184914 5.6764331
-3.7322763 -7.6674774 -4.4806346 -0.9184899 5.6764301
-3.7322763 -7.6674767 -4.4806346 -0.9184935 5.6764413
-3.7322756 -7.6674803 -4.4806432 -0.9184871 5.6764198
-3.7322756 -7.6674803 -4.4806425 -0.9184856 5.6764253
-3.7322756 -7.6674795 -4.4806432 -0.9184914 5.6764164
-3.7322756 -7.6674795 -4.4806425 -0.9184899 5.6764134
-3.7322756 -7.6674795 -4.4806418 -0.9184878 5.6764155
-3.7322756 -7.6674795 -4.4806410 -0.9184864 5.6764170
-3.7322756 -7.6674795 -4.4806403 -0.9184842 5.6764206
-3.7322756 -7.6674788 -4.4806425 -0.9184935 5.6764236
-3.7322756 -7.6674788 -4.4806418 -0.9184921 5.6764206
-3.7322756 -7.6674788 -4.4806410 -0.9184906 5.6764176
-3.7322756 -7.6674788 -4.4806403 -0.9184885 5.6764169
-3.7322756 -7.6674788 -4.4806396 -0.9184871 5.6764139
-3.7322756 -7.6674788 -4.4806389 -0.9184849 5.6764153
-3.7322756 -7.6674781 -4.4806403 -0.9184935 5.6764235
-3.7322756 -7.6674781 -4.4806396 -0.9184914 5.6764228
-3.7322756 -7.6674781 -4.4806389 -0.9184899 5.6764208
-3.7322756 -7.6674781 -4.4806382 -0.9184878 5.6764191
-3.7322756 -7.6674781 -4.4806375 -0.9184856 5.6764183
-3.7322756 -7.6674781 -4.4806368 -0.9184842 5.6764153
-3.7322756 -7.6674774 -4.4806389 -0.9184935 5.6764310
-3.7322756 -7.6674774 -4.4806382 -0.9184921 5.6764280
-3.7322756 -7.6674774 -4.4806375 -0.9184906 5.6764250
-3.7322756 -7.6674774 -4.4806368 -0.9184885 5.6764242
-3.7322756 -7.6674774 -4.4806360 -0.9184871 5.6764212
-3.7322756 -7.6674774 -4.4806353 -0.9184849 5.6764205
-3.7322756 -7.6674767 -4.4806368 -0.9184935 5.6764309
-3.7322756 -7.6674767 -4.4806360 -0.9184914 5.6764302
-3.7322756 -7.6674767 -4.4806353 -0.9184899 5.6764282
-3.7322756 -7.6674767 -4.4806346 -0.9184878 5.6764264
-3.7322756 -7.6674760 -4.4806353 -0.9184935 5.6764374
-3.7322756 -7.6674760 -4.4806346 -0.9184921 5.6764344
-3.7322748 -7.6674795 -4.4806432 -0.9184849 5.6764277
-3.7322748 -7.6674788 -4.4806432 -0.9184899 5.6764169
-3.7322748 -7.6674788 -4.4806425 -0.9184878 5.6764176
-3.7322748 -7.6674788 -4.4806418 -0.9184856 5.6764233
-3.7322748 -7.6674788 -4.4806410 -0.9184842 5.6764228
-3.7322748 -7.6674781 -4.4806432 -0.9184935 5.6764197
-3.7322748 -7.6674781 -4.4806425 -0.9184921 5.6764177
-3.7322748 -7.6674781 -4.4806418 -0.9184906 5.6764157
-3.7322748 -7.6674781 -4.4806410 -0.9184885 5.6764139
-3.7322748 -7.6674781 -4.4806403 -0.9184871 5.6764157
-3.7322748 -7.6674781 -4.4806396 -0.9184849 5.6764184
-3.7322748 -7.6674774 -4.4806410 -0.9184928 5.6764219
-3.7322748 -7.6674774 -4.4806403 -0.9184914 5.6764189
-3.7322748 -7.6674774 -4.4806396 -0.9184892 5.6764181
-3.7322748 -7.6674774 -4.4806389 -0.9184878 5.6764151
-3.7322748 -7.6674774 -4.4806382 -0.9184856 5.6764144
-3.7322748 -7.6674774 -4.4806375 -0.9184842 5.6764135
-3.7322748 -7.6674767 -4.4806396 -0.9184935 5.6764271
-3.7322748 -7.6674767 -4.4806389 -0.9184921 5.6764241
-3.7322748 -7.6674767 -4.4806382 -0.9184906 5.6764231
-3.7322748 -7.6674767 -4.4806375 -0.9184885 5.6764203
-3.7322748 -7.6674767 -4.4806368 -0.9184864 5.6764196
-3.7322748 -7.6674767 -4.4806360 -0.9184849 5.6764166
-3.7322748 -7.6674760 -4.4806375 -0.9184928 5.6764292
-3.7322748 -7.6674760 -4.4806368 -0.9184914 5.6764262
-3.7322748 -7.6674760 -4.4806360 -0.9184892 5.6764255
-3.7322748 -7.6674760 -4.4806353 -0.9184878 5.6764225
-3.7322748 -7.6674760 -4.4806346 -0.9184856 5.6764218
-3.7322748 -7.6674753 -4.4806360 -0.9184935 5.6764344
-3.7322748 -7.6674753 -4.4806353 -0.9184921 5.6764314
-3.7322748 -7.6674753 -4.4806346 -0.9184906 5.6764304
-3.7322748 -7.6674745 -4.4806346 -0.9184935 5.6764409
-3.7322741 -7.6674788 -4.4806432 -0.9184842 5.6764491
-3.7322741 -7.6674781 -4.4806432 -0.9184878 5.6764237
-3.7322741 -7.6674781 -4.4806425 -0.9184856 5.6764254
-3.7322741 -7.6674781 -4.4806418 -0.9184842 5.6764309
-3.7322741 -7.6674774 -4.4806432 -0.9184921 5.6764138
-3.7322741 -7.6674774 -4.4806425 -0.9184899 5.6764159
-3.7322741 -7.6674774 -4.4806418 -0.9184885 5.6764154
-3.7322741 -7.6674774 -4.4806410 -0.9184864 5.6764210
-3.7322741 -7.6674774 -4.4806403 -0.9184849 5.6764215
-3.7322741 -7.6674767 -4.4806425 -0.9184935 5.6764232
-3.7322741 -7.6674767 -4.4806418 -0.9184928 5.6764180
-3.7322741 -7.6674767 -4.4806410 -0.9184906 5.6764172
-3.7322741 -7.6674767 -4.4806403 -0.9184892 5.6764142
-3.7322741 -7.6674767 -4.4806396 -0.9184871 5.6764157
-3.7322741 -7.6674767 -4.4806389 -0.9184856 5.6764162
-3.7322741 -7.6674767 -4.4806382 -0.9184842 5.6764207
-3.7322741 -7.6674760 -4.4806403 -0.9184935 5.6764231
-3.7322741 -7.6674760 -4.4806396 -0.9184921 5.6764201
-3.7322741 -7.6674760 -4.4806389 -0.9184899 5.6764194
-3.7322741 -7.6674760 -4.4806382 -0.9184885 5.6764164
-3.7322741 -7.6674760 -4.4806375 -0.9184864 5.6764157
-3.7322741 -7.6674760 -4.4806368 -0.9184849 5.6764147
-3.7322741 -7.6674753 -4.4806389 -0.9184935 5.6764306
-3.7322741 -7.6674753 -4.4806382 -0.9184928 5.6764253
-3.7322741 -7.6674753 -4.4806375 -0.9184906 5.6764246
-3.7322741 -7.6674753 -4.4806368 -0.9184892 5.6764216
-3.7322741 -7.6674753 -4.4806360 -0.9184871 5.6764208
-3.7322741 -7.6674753 -4.4806353 -0.9184856 5.6764178
-3.7322741 -7.6674753 -4.4806346 -0.9184842 5.6764208
-3.7322741 -7.6674745 -4.4806368 -0.9184935 5.6764305
-3.7322741 -7.6674745 -4.4806360 -0.9184921 5.6764275
-3.7322741 -7.6674745 -4.4806353 -0.9184899 5.6764268
-3.7322741 -7.6674745 -4.4806346 -0.9184885 5.6764238
-3.7322741 -7.6674738 -4.4806353 -0.9184935 5.6764380
-3.7322741 -7.6674738 -4.4806346 -0.9184928 5.6764327
-3.7322734 -7.6674774 -4.4806432 -0.9184856 5.6764296
-3.7322734 -7.6674774 -4.4806425 -0.9184842 5.6764381
-3.7322734 -7.6674767 -4.4806432 -0.9184899 5.6764180
-3.7322734 -7.6674767 -4.4806425 -0.9184885 5.6764225
-3.7322734 -7.6674767 -4.4806418 -0.9184864 5.6764232
-3.7322734 -7.6674767 -4.4806410 -0.9184849 5.6764287
-3.7322734 -7.6674760 -4.4806432 -0.9184935 5.6764203
-3.7322734 -7.6674760 -4.4806425 -0.9184928 5.6764150
-3.7322734 -7.6674760 -4.4806418 -0.9184906 5.6764143
-3.7322734 -7.6674760 -4.4806410 -0.9184892 5.6764131
-3.7322734 -7.6674760 -4.4806403 -0.9184871 5.6764188
-3.7322734 -7.6674760 -4.4806396 -0.9184856 5.6764203
-3.7322734 -7.6674760 -4.4806389 -0.9184842 5.6764288
-3.7322734 -7.6674753 -4.4806410 -0.9184935 5.6764192
-3.7322734 -7.6674753 -4.4806403 -0.9184914 5.6764185
-3.7322734 -7.6674753 -4.4806396 -0.9184899 5.6764155
-3.7322734 -7.6674753 -4.4806389 -0.9184878 5.6764147
-3.7322734 -7.6674753 -4.4806382 -0.9184864 5.6764129
-3.7322734 -7.6674753 -4.4806375 -0.9184842 5.6764186
-3.7322734 -7.6674745 -4.4806396 -0.9184935 5.6764267
-3.7322734 -7.6674745 -4.4806389 -0.9184928 5.6764214
-3.7322734 -7.6674745 -4.4806382 -0.9184906 5.6764207
-3.7322734 -7.6674745 -4.4806375 -0.9184892 5.6764187
-3.7322734 -7.6674745 -4.4806368 -0.9184871 5.6764169
-3.7322734 -7.6674745 -4.4806360 -0.9184849 5.6764162
-3.7322734 -7.6674738 -4.4806375 -0.9184935 5.6764266
-3.7322734 -7.6674738 -4.4806368 -0.9184914 5.6764258
-3.7322734 -7.6674738 -4.4806360 -0.9184899 5.6764228
-3.7322734 -7.6674738 -4.4806353 -0.9184878 5.6764221
-3.7322734 -7.6674738 -4.4806346 -0.9184864 5.6764191
-3.7322734 -7.6674731 -4.4806360 -0.9184935 5.6764340
-3.7322734 -7.6674731 -4.4806353 -0.9184928 5.6764288
-3.7322734 -7.6674731 -4.4806346 -0.9184906 5.6764280
-3.7322727 -7.6674767 -4.4806432 -0.9184842 5.6764452
-3.7322727 -7.6674760 -4.4806432 -0.9184878 5.6764258
-3.7322727 -7.6674760 -4.4806425 -0.9184864 5.6764283
-3.7322727 -7.6674760 -4.4806418 -0.9184842 5.6764310
-3.7322727 -7.6674753 -4.4806432 -0.9184928 5.6764151
-3.7322727 -7.6674753 -4.4806425 -0.9184906 5.6764158
-3.7322727 -7.6674753 -4.4806418 -0.9184892 5.6764203
-3.7322727 -7.6674753 -4.4806410 -0.9184871 5.6764209
-3.7322727 -7.6674753 -4.4806403 -0.9184849 5.6764266
-3.7322727 -7.6674745 -4.4806418 -0.9184935 5.6764163
-3.7322727 -7.6674745 -4.4806410 -0.9184914 5.6764156
-3.7322727 -7.6674745 -4.4806403 -0.9184899 5.6764136
-3.7322727 -7.6674745 -4.4806396 -0.9184878 5.6764166
-3.7322727 -7.6674745 -4.4806389 -0.9184864 5.6764191
-3.7322727 -7.6674745 -4.4806382 -0.9184842 5.6764217
-3.7322727 -7.6674738 -4.4806403 -0.9184935 5.6764227
-3.7322727 -7.6674738 -4.4806396 -0.9184921 5.6764197
-3.7322727 -7.6674738 -4.4806389 -0.9184906 5.6764167
-3.7322727 -7.6674738 -4.4806382 -0.9184885 5.6764160
-3.7322727 -7.6674738 -4.4806375 -0.9184871 5.6764130
-3.7322727 -7.6674738 -4.4806368 -0.9184849 5.6764164
-3.7322727 -7.6674731 -4.4806382 -0.9184935 5.6764227
-3.7322727 -7.6674731 -4.4806375 -0.9184914 5.6764219
-3.7322727 -7.6674731 -4.4806368 -0.9184899 5.6764209
-3.7322727 -7.6674731 -4.4806360 -0.9184878 5.6764182
-3.7322727 -7.6674731 -4.4806353 -0.9184856 5.6764174
-3.7322727 -7.6674731 -4.4806346 -0.9184842 5.6764144
0.0000000 0.0000000 0.0000000 0.0000000 0.0000000
