-3.7822763 -7.7174767 -4.4449239 -0.9684885 5.9223297
-3.7751334 -7.7174767 -4.4734953 -0.9684885 5.8917312
-3.7751334 -7.7174767 -4.4663525 -0.9542028 5.8599671
-3.7751334 -7.7174767 -4.4592096 -0.9399171 5.8284314
-3.7751334 -7.7174767 -4.4520668 -0.9184885 5.8191777
-3.7751334 -7.7174767 -4.4449239 -0.9042028 5.8076732
-3.7751334 -7.7103338 -4.4520668 -0.9684885 5.8955358
-3.7751334 -7.7103338 -4.4449239 -0.9470599 5.8776007
-3.7751334 -7.7031910 -4.4449239 -0.9684885 6.0352590
-3.7679906 -7.7174767 -4.4949239 -0.9613456 5.8067571
-3.7679906 -7.7174767 -4.4877810 -0.9470599 5.7757446
-3.7679906 -7.7174767 -4.4806382 -0.9256314 5.7672057
-3.7679906 -7.7174767 -4.4734953 -0.9113456 5.7409917
-3.7679906 -7.7174767 -4.4663525 -0.8899171 5.7289964
-3.7679906 -7.7174767 -4.4592096 -0.8756314 5.7224990
-3.7679906 -7.7103338 -4.4806382 -0.9684885 5.8565258
-3.7679906 -7.7103338 -4.4734953 -0.9542028 5.8250319
-3.7679906 -7.7103338 -4.4663525 -0.9327742 5.8158083
-3.7679906 -7.7103338 -4.4592096 -0.9184885 5.7848648
-3.7679906 -7.7103338 -4.4520668 -0.8970599 5.7764424
-3.7679906 -7.7103338 -4.4449239 -0.8827742 5.7460435
-3.7679906 -7.7031910 -4.4592096 -0.9613456 5.8748316
-3.7679906 -7.7031910 -4.4520668 -0.9470599 5.8430830
-3.7679906 -7.7031910 -4.4449239 -0.9256314 5.8334988
-3.7679906 -7.6960481 -4.4449239 -0.9684885 5.9251442
-3.7608477 -7.7174767 -4.5234953 -0.9684885 5.7518981
-3.7608477 -7.7174767 -4.5163525 -0.9542028 5.7214206
-3.7608477 -7.7174767 -4.5092096 -0.9327742 5.7136098
-3.7608477 -7.7174767 -4.5020668 -0.9184885 5.6836730
-3.7608477 -7.7174767 -4.4949239 -0.8970599 5.7215733
-3.7608477 -7.7174767 -4.4877810 -0.8827742 5.7272329
-3.7608477 -7.7103338 -4.5092096 -0.9684885 5.8238286
-3.7608477 -7.7103338 -4.5020668 -0.9613456 5.7708226
-3.7608477 -7.7103338 -4.4949239 -0.9399171 5.7623241
-3.7608477 -7.7103338 -4.4877810 -0.9256314 5.7319083
-3.7608477 -7.7103338 -4.4806382 -0.9042028 5.7242064
-3.7608477 -7.7103338 -4.4734953 -0.8899171 5.6943294
-3.7608477 -7.7103338 -4.4663525 -0.8756314 5.7290295
-3.7608477 -7.7031910 -4.4877810 -0.9684885 5.8207446
-3.7608477 -7.7031910 -4.4806382 -0.9542028 5.7895220
-3.7608477 -7.7031910 -4.4734953 -0.9327742 5.7806582
-3.7608477 -7.7031910 -4.4663525 -0.9184885 5.7591130
-3.7608477 -7.7031910 -4.4592096 -0.8970599 5.7419215
-3.7608477 -7.7031910 -4.4520668 -0.8756314 5.7343291
-3.7608477 -7.6960481 -4.4734953 -0.9684885 5.8929108
-3.7608477 -7.6960481 -4.4663525 -0.9613456 5.8394743
-3.7608477 -7.6960481 -4.4592096 -0.9399171 5.8299221
-3.7608477 -7.6960481 -4.4520668 -0.9256314 5.7987695
-3.7608477 -7.6960481 -4.4449239 -0.9042028 5.7900221
-3.7608477 -7.6889053 -4.4520668 -0.9684885 5.8899414
-3.7608477 -7.6889053 -4.4449239 -0.9542028 5.8579774
-3.7608477 -7.6817624 -4.4449239 -0.9684885 6.0762222
-3.7537048 -7.7174767 -4.5306382 -0.9256314 5.7403089
-3.7537048 -7.7174767 -4.5234953 -0.9042028 5.7983749
-3.7537048 -7.7174767 -4.5163525 -0.8899171 5.7969996
-3.7537048 -7.7174767 -4.5092096 -0.8756314 5.8774761
-3.7537048 -7.7103338 -4.5306382 -0.9684885 5.7149481
-3.7537048 -7.7103338 -4.5234953 -0.9470599 5.7071872
-3.7537048 -7.7103338 -4.5163525 -0.9327742 5.6930279
-3.7537048 -7.7103338 -4.5092096 -0.9184885 5.7305911
-3.7537048 -7.7103338 -4.5020668 -0.8970599 5.7461937
-3.7537048 -7.7103338 -4.4949239 -0.8827742 5.7964532
-3.7537048 -7.7031910 -4.5163525 -0.9684885 5.7871212
-3.7537048 -7.7031910 -4.5092096 -0.9613456 5.7343034
-3.7537048 -7.7031910 -4.5020668 -0.9399171 5.7261713
-3.7537048 -7.7031910 -4.4949239 -0.9256314 5.6996210
-3.7537048 -7.7031910 -4.4877810 -0.9042028 5.6984236
-3.7537048 -7.7031910 -4.4806382 -0.8899171 5.7142089
-3.7537048 -7.7031910 -4.4734953 -0.8756314 5.7967508
-3.7537048 -7.6960481 -4.4949239 -0.9684885 5.7843780
-3.7537048 -7.6960481 -4.4877810 -0.9470599 5.7755545
-3.7537048 -7.6960481 -4.4806382 -0.9327742 5.7449323
-3.7537048 -7.6960481 -4.4734953 -0.9113456 5.7369100
-3.7537048 -7.6960481 -4.4663525 -0.8970599 5.7068297
-3.7537048 -7.6960481 -4.4592096 -0.8756314 5.7038224
-3.7537048 -7.6889053 -4.4806382 -0.9684885 5.8567885
-3.7537048 -7.6889053 -4.4734953 -0.9613456 5.8035388
-3.7537048 -7.6889053 -4.4663525 -0.9399171 5.7943477
-3.7537048 -7.6889053 -4.4592096 -0.9256314 5.7765548
-3.7537048 -7.6889053 -4.4520668 -0.9042028 5.7550796
-3.7537048 -7.6889053 -4.4449239 -0.8827742 5.7471679
-3.7537048 -7.6817624 -4.4592096 -0.9684885 5.8541618
-3.7537048 -7.6817624 -4.4520668 -0.9470599 5.8442776
-3.7537048 -7.6817624 -4.4449239 -0.9327742 5.8129124
-3.7537048 -7.6746195 -4.4449239 -0.9684885 5.9268002
-3.7465620 -7.7174767 -4.5306382 -0.8756314 6.1304128
-3.7465620 -7.7103338 -4.5306382 -0.9042028 5.8225672
-3.7465620 -7.7103338 -4.5234953 -0.8899171 5.8697978
-3.7465620 -7.7031910 -4.5306382 -0.9470599 5.7214357
-3.7465620 -7.7031910 -4.5234953 -0.9327742 5.7213295
-3.7465620 -7.7031910 -4.5163525 -0.9113456 5.7744725
-3.7465620 -7.7031910 -4.5092096 -0.8970599 5.7867246
-3.7465620 -7.7031910 -4.5020668 -0.8756314 5.8291876
-3.7465620 -7.6960481 -4.5234953 -0.9684885 5.7498182
-3.7465620 -7.6960481 -4.5163525 -0.9542028 5.7195129
-3.7465620 -7.6960481 -4.5092096 -0.9399171 5.6894307
-3.7465620 -7.6960481 -4.5020668 -0.9256314 5.7174913
-3.7465620 -7.6960481 -4.4949239 -0.9042028 5.7226806
-3.7465620 -7.6960481 -4.4877810 -0.8827742 5.7806093
-3.7465620 -7.6889053 -4.5020668 -0.9684885 5.7474223
-3.7465620 -7.6889053 -4.4949239 -0.9470599 5.7389664
-3.7465620 -7.6889053 -4.4877810 -0.9327742 5.7196221
-3.7465620 -7.6889053 -4.4806382 -0.9113456 5.7009645
-3.7465620 -7.6889053 -4.4734953 -0.8970599 5.7007692
-3.7465620 -7.6889053 -4.4663525 -0.8756314 5.7285509
-3.7465620 -7.6817624 -4.4877810 -0.9684885 5.8200772
-3.7465620 -7.6817624 -4.4806382 -0.9542028 5.7890213
-3.7465620 -7.6817624 -4.4734953 -0.9399171 5.7581901
-3.7465620 -7.6817624 -4.4663525 -0.9184885 5.7498461
-3.7465620 -7.6817624 -4.4592096 -0.9042028 5.7195607
-3.7465620 -7.6817624 -4.4520668 -0.8827742 5.7120105
-3.7465620 -7.6746195 -4.4663525 -0.9684885 5.8177975
-3.7465620 -7.6746195 -4.4592096 -0.9470599 5.8082757
-3.7465620 -7.6746195 -4.4520668 -0.9327742 5.7933115
-3.7465620 -7.6746195 -4.4449239 -0.9113456 5.7684734
-3.7465620 -7.6674767 -4.4520668 -0.9684885 5.8906831
-3.7465620 -7.6674767 -4.4449239 -0.9542028 5.8588755
-3.7394191 -7.7031910 -4.5306382 -0.8827742 5.9058282
-3.7394191 -7.6960481 -4.5306382 -0.9327742 5.7974402
-3.7394191 -7.6960481 -4.5234953 -0.9113456 5.7982928
-3.7394191 -7.6960481 -4.5163525 -0.8899171 5.8569195
-3.7394191 -7.6960481 -4.5092096 -0.8756314 5.8535625
-3.7394191 -7.6889053 -4.5306382 -0.9684885 5.7119137
-3.7394191 -7.6889053 -4.5234953 -0.9542028 5.6984644
-3.7394191 -7.6889053 -4.5163525 -0.9399171 5.7090511
-3.7394191 -7.6889053 -4.5092096 -0.9184885 5.7508462
-3.7394191 -7.6889053 -4.5020668 -0.9042028 5.7758525
-3.7394191 -7.6889053 -4.4949239 -0.8827742 5.8049131
-3.7394191 -7.6817624 -4.5092096 -0.9613456 5.7320708
-3.7394191 -7.6817624 -4.5020668 -0.9470599 5.7017832
-3.7394191 -7.6817624 -4.4949239 -0.9256314 5.7041157
-3.7394191 -7.6817624 -4.4877810 -0.9113456 5.6994467
-3.7394191 -7.6817624 -4.4806382 -0.8899171 5.7569768
-3.7394191 -7.6817624 -4.4734953 -0.8756314 5.7560521
-3.7394191 -7.6746195 -4.4949239 -0.9684885 5.7827720
-3.7394191 -7.6746195 -4.4877810 -0.9542028 5.7519948
-3.7394191 -7.6746195 -4.4806382 -0.9399171 5.7389507
-3.7394191 -7.6746195 -4.4734953 -0.9184885 5.7134668
-3.7394191 -7.6746195 -4.4663525 -0.8970599 5.7097508
-3.7394191 -7.6746195 -4.4592096 -0.8827742 5.7053052
-3.7394191 -7.6674767 -4.4734953 -0.9613456 5.8027261
-3.7394191 -7.6674767 -4.4663525 -0.9470599 5.7716863
-3.7394191 -7.6674767 -4.4592096 -0.9256314 5.7630161
-3.7394191 -7.6674767 -4.4520668 -0.9113456 5.7325252
-3.7394191 -7.6674767 -4.4449239 -0.8899171 5.7246545
-3.7394191 -7.6603338 -4.4592096 -0.9684885 5.8539747
-3.7394191 -7.6603338 -4.4520668 -0.9542028 5.8224439
-3.7394191 -7.6603338 -4.4449239 -0.9399171 5.8093788
-3.7394191 -7.6531910 -4.4449239 -0.9684885 5.9272678
-3.7322763 -7.6960481 -4.5306382 -0.8756314 6.0997181
-3.7322763 -7.6889053 -4.5306382 -0.9113456 5.8572280
-3.7322763 -7.6889053 -4.5234953 -0.8899171 5.8807853
-3.7322763 -7.6889053 -4.5163525 -0.8756314 5.9165077
-3.7322763 -7.6817624 -4.5306382 -0.9542028 5.7213459
-3.7322763 -7.6817624 -4.5234953 -0.9327742 5.7785747
-3.7322763 -7.6817624 -4.5163525 -0.9184885 5.7742915
-3.7322763 -7.6817624 -4.5092096 -0.8970599 5.8325252
-3.7322763 -7.6817624 -4.5020668 -0.8827742 5.8327236
-3.7322763 -7.6746195 -4.5234953 -0.9684885 5.7464828
-3.7322763 -7.6746195 -4.5163525 -0.9613456 5.6940014
-3.7322763 -7.6746195 -4.5092096 -0.9470599 5.6961630
-3.7322763 -7.6746195 -4.5020668 -0.9256314 5.7274963
-3.7322763 -7.6746195 -4.4949239 -0.9113456 5.7643814
-3.7322763 -7.6746195 -4.4877810 -0.8899171 5.7809128
-3.7322763 -7.6746195 -4.4806382 -0.8756314 5.8289099
-3.7322763 -7.6674767 -4.5020668 -0.9684885 5.7448622
-3.7322763 -7.6674767 -4.4949239 -0.9542028 5.7143687
-3.7322763 -7.6674767 -4.4877810 -0.9327742 5.7064430
-3.7322763 -7.6674767 -4.4806382 -0.9184885 5.6764946
-3.7322763 -7.6674767 -4.4734953 -0.8970599 5.7336217
-3.7322763 -7.6674767 -4.4663525 -0.8827742 5.7440225
-3.7322763 -7.6603338 -4.4877810 -0.9684885 5.8181820
-3.7322763 -7.6603338 -4.4806382 -0.9613456 5.7652598
-3.7322763 -7.6603338 -4.4734953 -0.9399171 5.7566356
-3.7322763 -7.6603338 -4.4663525 -0.9256314 5.7262007
-3.7322763 -7.6603338 -4.4592096 -0.9042028 5.7183789
-3.7322763 -7.6603338 -4.4520668 -0.8899171 5.6884853
-3.7322763 -7.6603338 -4.4449239 -0.8756314 5.7412138
-3.7322763 -7.6531910 -4.4663525 -0.9684885 5.8166712
-3.7322763 -7.6531910 -4.4592096 -0.9542028 5.7854203
-3.7322763 -7.6531910 -4.4520668 -0.9327742 5.7764225
-3.7322763 -7.6531910 -4.4449239 -0.9184885 5.7479245
-3.7322763 -7.6460481 -4.4520668 -0.9684885 5.8902178
-3.7322763 -7.6460481 -4.4449239 -0.9613456 5.8368556
-3.7251334 -7.6817624 -4.5306382 -0.8899171 5.9155299
-3.7251334 -7.6817624 -4.5234953 -0.8756314 5.9937854
-3.7251334 -7.6746195 -4.5306382 -0.9327742 5.8014952
-3.7251334 -7.6746195 -4.5234953 -0.9184885 5.8486010
-3.7251334 -7.6746195 -4.5163525 -0.8970599 5.8560126
-3.7251334 -7.6746195 -4.5092096 -0.8827742 5.9092577
-3.7251334 -7.6674767 -4.5306382 -0.9684885 5.7650314
-3.7251334 -7.6674767 -4.5234953 -0.9613456 5.6982733
-3.7251334 -7.6674767 -4.5163525 -0.9399171 5.7551037
-3.7251334 -7.6674767 -4.5092096 -0.9256314 5.7594694
-3.7251334 -7.6674767 -4.5020668 -0.9042028 5.8084032
-3.7251334 -7.6674767 -4.4949239 -0.8899171 5.8234958
-3.7251334 -7.6674767 -4.4877810 -0.8756314 5.9038705
-3.7251334 -7.6603338 -4.5092096 -0.9684885 5.7063402
-3.7251334 -7.6603338 -4.5020668 -0.9470599 5.7094313
-3.7251334 -7.6603338 -4.4949239 -0.9327742 5.7044258
-3.7251334 -7.6603338 -4.4877810 -0.9184885 5.7523046
-3.7251334 -7.6603338 -4.4806382 -0.8970599 5.7571878
-3.7251334 -7.6603338 -4.4734953 -0.8756314 5.8152788
-3.7251334 -7.6531910 -4.4949239 -0.9684885 5.7799157
-3.7251334 -7.6531910 -4.4877810 -0.9613456 5.7271877
-3.7251334 -7.6531910 -4.4806382 -0.9399171 5.7189390
-3.7251334 -7.6531910 -4.4734953 -0.9256314 5.6970621
-3.7251334 -7.6531910 -4.4663525 -0.9042028 5.7105461
-3.7251334 -7.6531910 -4.4592096 -0.8899171 5.7313872
-3.7251334 -7.6531910 -4.4520668 -0.8756314 5.8138691
-3.7251334 -7.6460481 -4.4734953 -0.9684885 5.7787621
-3.7251334 -7.6460481 -4.4663525 -0.9470599 5.7698113
-3.7251334 -7.6460481 -4.4592096 -0.9327742 5.7391679
-3.7251334 -7.6460481 -4.4520668 -0.9113456 5.7310240
-3.7251334 -7.6460481 -4.4449239 -0.8970599 5.7009271
-3.7251334 -7.6389053 -4.4592096 -0.9684885 5.8525651
-3.7251334 -7.6389053 -4.4520668 -0.9613456 5.7993947
-3.7251334 -7.6389053 -4.4449239 -0.9399171 5.7900670
-3.7251334 -7.6317624 -4.4449239 -0.9684885 5.9265228
-3.7179906 -7.6746195 -4.5306382 -0.8756314 6.0732258
-3.7179906 -7.6674767 -4.5306382 -0.9113456 5.8826523
-3.7179906 -7.6674767 -4.5234953 -0.8970599 5.9091762
-3.7179906 -7.6674767 -4.5163525 -0.8756314 5.9387378
-3.7179906 -7.6603338 -4.5306382 -0.9613456 5.7736425
-3.7179906 -7.6603338 -4.5234953 -0.9399171 5.7776392
-3.7179906 -7.6603338 -4.5163525 -0.9184885 5.8354413
-3.7179906 -7.6603338 -4.5092096 -0.9042028 5.8315112
-3.7179906 -7.6603338 -4.5020668 -0.8827742 5.8903128
-3.7179906 -7.6531910 -4.5163525 -0.9684885 5.6790853
-3.7179906 -7.6531910 -4.5092096 -0.9470599 5.7319084
-3.7179906 -7.6531910 -4.5020668 -0.9327742 5.7482438
-3.7179906 -7.6531910 -4.4949239 -0.9113456 5.7845557
-3.7179906 -7.6531910 -4.4877810 -0.8970599 5.8136752
-3.7179906 -7.6531910 -4.4806382 -0.8756314 5.8388858
-3.7179906 -7.6460481 -4.5020668 -0.9684885 5.7410335
-3.7179906 -7.6460481 -4.4949239 -0.9542028 5.7107194
-3.7179906 -7.6460481 -4.4877810 -0.9399171 5.6816349
-3.7179906 -7.6460481 -4.4806382 -0.9184885 5.7383180
-3.7179906 -7.6460481 -4.4734953 -0.9042028 5.7337393
-3.7179906 -7.6460481 -4.4663525 -0.8827742 5.7914337
-3.7179906 -7.6389053 -4.4806382 -0.9684885 5.7402417
-3.7179906 -7.6389053 -4.4734953 -0.9470599 5.7316676
-3.7179906 -7.6389053 -4.4663525 -0.9327742 5.7172986
-3.7179906 -7.6389053 -4.4592096 -0.9113456 5.6935387
-3.7179906 -7.6389053 -4.4520668 -0.8970599 5.7181414
-3.7179906 -7.6389053 -4.4449239 -0.8756314 5.7403328
-3.7179906 -7.6317624 -4.4663525 -0.9684885 5.8143030
-3.7179906 -7.6317624 -4.4592096 -0.9542028 5.7832232
-3.7179906 -7.6317624 -4.4520668 -0.9399171 5.7523719
-3.7179906 -7.6317624 -4.4449239 -0.9184885 5.7439036
-3.7108477 -7.6603338 -4.5306382 -0.8899171 5.9648144
-3.7108477 -7.6603338 -4.5234953 -0.8756314 5.9682722
-3.7108477 -7.6531910 -4.5306382 -0.9399171 5.8407540
-3.7108477 -7.6531910 -4.5234953 -0.9184885 5.8580144
-3.7108477 -7.6531910 -4.5163525 -0.9042028 5.9022428
-3.7108477 -7.6531910 -4.5092096 -0.8827742 5.9134615
-3.7108477 -7.6460481 -4.5234953 -0.9613456 5.7589212
-3.7108477 -7.6460481 -4.5163525 -0.9470599 5.7540579
-3.7108477 -7.6460481 -4.5092096 -0.9256314 5.8114634
-3.7108477 -7.6460481 -4.5020668 -0.9113456 5.8123493
-3.7108477 -7.6460481 -4.4949239 -0.8899171 5.8656898
-3.7108477 -7.6460481 -4.4877810 -0.8756314 5.8735660
-3.7108477 -7.6389053 -4.5092096 -0.9684885 5.7143283
-3.7108477 -7.6389053 -4.5020668 -0.9542028 5.7089929
-3.7108477 -7.6389053 -4.4949239 -0.9399171 5.7364106
-3.7108477 -7.6389053 -4.4877810 -0.9184885 5.7609839
-3.7108477 -7.6389053 -4.4806382 -0.9042028 5.8032570
-3.7108477 -7.6389053 -4.4734953 -0.8827742 5.8146654
-3.7108477 -7.6317624 -4.4877810 -0.9613456 5.7232011
-3.7108477 -7.6317624 -4.4806382 -0.9470599 5.6929076
-3.7108477 -7.6317624 -4.4734953 -0.9256314 5.7154059
-3.7108477 -7.6317624 -4.4663525 -0.9113456 5.7122893
-3.7108477 -7.6317624 -4.4592096 -0.8899171 5.7678653
-3.7108477 -7.6317624 -4.4520668 -0.8756314 5.7788167
-3.7037048 -7.6531910 -4.5306382 -0.8756314 6.0510377
-3.7037048 -7.6460481 -4.5306382 -0.9184885 5.9063917
-3.7037048 -7.6460481 -4.5234953 -0.8970599 5.9393961
-3.7037048 -7.6460481 -4.5163525 -0.8827742 5.9636286
-3.7037048 -7.6389053 -4.5306382 -0.9613456 5.7805186
-3.7037048 -7.6389053 -4.5234953 -0.9470599 5.8318401
-3.7037048 -7.6389053 -4.5163525 -0.9256314 5.8336463
-3.7037048 -7.6389053 -4.5092096 -0.9042028 5.8920256
-3.7037048 -7.6389053 -4.5020668 -0.8899171 5.8884518
-3.7037048 -7.6389053 -4.4949239 -0.8756314 5.9539284
-3.7037048 -7.6317624 -4.5163525 -0.9684885 5.7358723
-3.7037048 -7.6317624 -4.5092096 -0.9542028 5.7364883
-3.7037048 -7.6317624 -4.5020668 -0.9327742 5.7877605
-3.7037048 -7.6317624 -4.4949239 -0.9184885 5.8028100
-3.7037048 -7.6317624 -4.4877810 -0.8970599 5.8413386
-3.7037048 -7.6317624 -4.4806382 -0.8827742 5.8654207
-3.6965620 -7.6389053 -4.5306382 -0.8970599 5.9705586
-3.6965620 -7.6389053 -4.5234953 -0.8756314 6.0217824
-3.6965620 -7.6317624 -4.5306382 -0.9399171 5.8595209
-3.6965620 -7.6317624 -4.5234953 -0.9256314 5.8998028
-3.6965620 -7.6317624 -4.5163525 -0.9042028 5.9142427
-3.6965620 -7.6317624 -4.5092096 -0.8899171 5.9584137
0.0000000 0.0000000 0.0000000 0.0000000 0.0000000
