0.0000000 0.0000000 12.0000000 0.0000000 5.6790253
1.0000000 0.0000000 8.0000000 0.0000000 5.6786814
1.0000000 0.0000000 9.0000000 1.0000000 5.6781588
1.0000000 0.0000000 10.0000000 4.0000000 5.6780845
1.0000000 0.0000000 11.0000000 6.0000000 5.6779576
1.0000000 0.0000000 12.0000000 9.0000000 5.6777123
1.0000000 1.0000000 11.0000000 0.0000000 5.6786532
1.0000000 1.0000000 12.0000000 3.0000000 5.6785789
1.0000000 2.0000000 12.0000000 0.0000000 5.6801195
2.0000000 0.0000000 5.0000000 0.0000000 5.6776412
2.0000000 0.0000000 6.0000000 3.0000000 5.6775159
2.0000000 0.0000000 7.0000000 6.0000000 5.6774426
2.0000000 0.0000000 8.0000000 8.0000000 5.6771436
2.0000000 0.0000000 9.0000000 11.0000000 5.6770703
2.0000000 1.0000000 7.0000000 0.0000000 5.6783093
2.0000000 1.0000000 8.0000000 2.0000000 5.6780103
2.0000000 1.0000000 9.0000000 4.0000000 5.6777124
2.0000000 1.0000000 10.0000000 7.0000000 5.6776381
2.0000000 1.0000000 11.0000000 9.0000000 5.6773401
2.0000000 1.0000000 12.0000000 12.0000000 5.6772658
2.0000000 2.0000000 10.0000000 0.0000000 5.6783641
2.0000000 2.0000000 11.0000000 3.0000000 5.6782068
2.0000000 2.0000000 12.0000000 6.0000000 5.6781326
2.0000000 3.0000000 12.0000000 0.0000000 5.6790001
3.0000000 0.0000000 1.0000000 0.0000000 5.6772462
3.0000000 0.0000000 2.0000000 2.0000000 5.6769473
3.0000000 0.0000000 3.0000000 5.0000000 5.6768739
3.0000000 0.0000000 4.0000000 7.0000000 5.6765759
3.0000000 0.0000000 5.0000000 9.0000000 5.6767884
3.0000000 0.0000000 6.0000000 12.0000000 5.6768940
3.0000000 1.0000000 4.0000000 1.0000000 5.6774417
3.0000000 1.0000000 5.0000000 3.0000000 5.6771438
3.0000000 1.0000000 6.0000000 6.0000000 5.6770695
3.0000000 1.0000000 7.0000000 8.0000000 5.6768085
3.0000000 1.0000000 8.0000000 11.0000000 5.6766981
3.0000000 2.0000000 6.0000000 0.0000000 5.6779362
3.0000000 2.0000000 7.0000000 2.0000000 5.6776382
3.0000000 2.0000000 8.0000000 5.0000000 5.6775639
3.0000000 2.0000000 9.0000000 7.0000000 5.6772660
3.0000000 2.0000000 10.0000000 10.0000000 5.6771916
3.0000000 2.0000000 11.0000000 12.0000000 5.6768936
3.0000000 3.0000000 9.0000000 1.0000000 5.6781327
3.0000000 3.0000000 10.0000000 3.0000000 5.6778337
3.0000000 3.0000000 11.0000000 6.0000000 5.6777604
3.0000000 3.0000000 12.0000000 8.0000000 5.6775325
3.0000000 4.0000000 11.0000000 0.0000000 5.6786270
3.0000000 4.0000000 12.0000000 2.0000000 5.6783291
3.0000000 5.0000000 12.0000000 0.0000000 5.6800944
4.0000000 0.0000000 0.0000000 6.0000000 5.6771173
4.0000000 0.0000000 1.0000000 8.0000000 5.6775899
4.0000000 0.0000000 2.0000000 11.0000000 5.6776374
4.0000000 1.0000000 0.0000000 0.0000000 5.6768731
4.0000000 1.0000000 1.0000000 2.0000000 5.6765751
4.0000000 1.0000000 2.0000000 5.0000000 5.6766556
4.0000000 1.0000000 3.0000000 7.0000000 5.6767021
4.0000000 1.0000000 4.0000000 10.0000000 5.6771757
4.0000000 1.0000000 5.0000000 12.0000000 5.6773992
4.0000000 2.0000000 2.0000000 0.0000000 5.6775922
4.0000000 2.0000000 3.0000000 1.0000000 5.6770696
4.0000000 2.0000000 4.0000000 4.0000000 5.6769953
4.0000000 2.0000000 5.0000000 6.0000000 5.6766973
4.0000000 2.0000000 6.0000000 9.0000000 5.6767139
4.0000000 2.0000000 7.0000000 11.0000000 5.6766654
4.0000000 3.0000000 5.0000000 0.0000000 5.6775641
4.0000000 3.0000000 6.0000000 2.0000000 5.6772651
4.0000000 3.0000000 7.0000000 5.0000000 5.6771918
4.0000000 3.0000000 8.0000000 7.0000000 5.6770208
4.0000000 3.0000000 9.0000000 10.0000000 5.6768195
4.0000000 3.0000000 10.0000000 12.0000000 5.6768255
4.0000000 4.0000000 7.0000000 0.0000000 5.6782832
4.0000000 4.0000000 8.0000000 1.0000000 5.6777606
4.0000000 4.0000000 9.0000000 4.0000000 5.6776863
4.0000000 4.0000000 10.0000000 6.0000000 5.6773873
4.0000000 4.0000000 11.0000000 9.0000000 5.6773140
4.0000000 4.0000000 12.0000000 11.0000000 5.6770160
4.0000000 5.0000000 10.0000000 0.0000000 5.6782550
4.0000000 5.0000000 11.0000000 2.0000000 5.6779560
4.0000000 5.0000000 12.0000000 5.0000000 5.6778818
4.0000000 6.0000000 12.0000000 0.0000000 5.6789740
5.0000000 1.0000000 0.0000000 9.0000000 5.6779192
5.0000000 1.0000000 1.0000000 11.0000000 5.6782007
5.0000000 2.0000000 0.0000000 2.0000000 5.6767563
5.0000000 2.0000000 1.0000000 5.0000000 5.6768888
5.0000000 2.0000000 2.0000000 7.0000000 5.6774534
5.0000000 2.0000000 3.0000000 10.0000000 5.6774099
5.0000000 2.0000000 4.0000000 12.0000000 5.6781494
5.0000000 3.0000000 1.0000000 0.0000000 5.6772201
5.0000000 3.0000000 2.0000000 1.0000000 5.6767055
5.0000000 3.0000000 3.0000000 4.0000000 5.6766232
5.0000000 3.0000000 4.0000000 6.0000000 5.6765646
5.0000000 3.0000000 5.0000000 9.0000000 5.6769471
5.0000000 3.0000000 6.0000000 11.0000000 5.6772617
5.0000000 4.0000000 4.0000000 0.0000000 5.6771910
5.0000000 4.0000000 5.0000000 3.0000000 5.6771177
5.0000000 4.0000000 6.0000000 5.0000000 5.6768187
5.0000000 4.0000000 7.0000000 8.0000000 5.6767454
5.0000000 4.0000000 8.0000000 10.0000000 5.6764474
5.0000000 4.0000000 9.0000000 12.0000000 5.6772105
5.0000000 5.0000000 6.0000000 0.0000000 5.6779111
5.0000000 5.0000000 7.0000000 1.0000000 5.6774275
5.0000000 5.0000000 8.0000000 4.0000000 5.6773132
5.0000000 5.0000000 9.0000000 6.0000000 5.6772332
5.0000000 5.0000000 10.0000000 9.0000000 5.6769419
5.0000000 5.0000000 11.0000000 12.0000000 5.6768675
5.0000000 6.0000000 9.0000000 0.0000000 5.6778819
5.0000000 6.0000000 10.0000000 3.0000000 5.6778086
5.0000000 6.0000000 11.0000000 5.0000000 5.6775097
5.0000000 6.0000000 12.0000000 8.0000000 5.6774364
5.0000000 7.0000000 11.0000000 0.0000000 5.6786009
5.0000000 7.0000000 12.0000000 1.0000000 5.6781503
6.0000000 2.0000000 0.0000000 12.0000000 5.6787210
6.0000000 3.0000000 0.0000000 5.0000000 5.6773672
6.0000000 3.0000000 1.0000000 8.0000000 5.6776907
6.0000000 3.0000000 2.0000000 10.0000000 5.6780632
6.0000000 4.0000000 0.0000000 0.0000000 5.6768470
6.0000000 4.0000000 1.0000000 2.0000000 5.6767088
6.0000000 4.0000000 2.0000000 4.0000000 5.6766603
6.0000000 4.0000000 3.0000000 7.0000000 5.6772289
6.0000000 4.0000000 4.0000000 9.0000000 5.6771814
6.0000000 4.0000000 5.0000000 12.0000000 5.6777500
6.0000000 5.0000000 3.0000000 0.0000000 5.6769179
6.0000000 5.0000000 4.0000000 3.0000000 5.6767446
6.0000000 5.0000000 5.0000000 5.0000000 5.6767226
6.0000000 5.0000000 6.0000000 8.0000000 5.6767196
6.0000000 5.0000000 7.0000000 10.0000000 5.6771242
6.0000000 6.0000000 5.0000000 0.0000000 5.6775380
6.0000000 6.0000000 6.0000000 2.0000000 5.6772390
6.0000000 6.0000000 7.0000000 4.0000000 5.6769411
6.0000000 6.0000000 8.0000000 7.0000000 5.6768667
6.0000000 6.0000000 9.0000000 9.0000000 5.6765958
6.0000000 6.0000000 10.0000000 12.0000000 5.6767780
6.0000000 7.0000000 8.0000000 0.0000000 5.6776398
6.0000000 7.0000000 9.0000000 3.0000000 5.6774355
6.0000000 7.0000000 10.0000000 6.0000000 5.6773622
6.0000000 7.0000000 11.0000000 8.0000000 5.6770632
6.0000000 7.0000000 12.0000000 11.0000000 5.6769899
6.0000000 8.0000000 10.0000000 0.0000000 5.6782288
6.0000000 8.0000000 11.0000000 2.0000000 5.6779299
6.0000000 8.0000000 12.0000000 4.0000000 5.6776320
6.0000000 9.0000000 12.0000000 0.0000000 5.6789479
7.0000000 4.0000000 0.0000000 8.0000000 5.6779780
7.0000000 4.0000000 1.0000000 11.0000000 5.6784936
7.0000000 5.0000000 0.0000000 2.0000000 5.6769422
7.0000000 5.0000000 1.0000000 4.0000000 5.6772297
7.0000000 5.0000000 2.0000000 7.0000000 5.6774622
7.0000000 5.0000000 3.0000000 9.0000000 5.6779267
7.0000000 5.0000000 4.0000000 12.0000000 5.6779833
7.0000000 6.0000000 2.0000000 1.0000000 5.6766704
7.0000000 6.0000000 3.0000000 3.0000000 5.6764328
7.0000000 6.0000000 4.0000000 6.0000000 5.6770004
7.0000000 6.0000000 5.0000000 8.0000000 5.6770379
7.0000000 6.0000000 6.0000000 11.0000000 5.6775215
7.0000000 7.0000000 4.0000000 0.0000000 5.6771649
7.0000000 7.0000000 5.0000000 2.0000000 5.6768669
7.0000000 7.0000000 6.0000000 5.0000000 5.6767926
7.0000000 7.0000000 7.0000000 7.0000000 5.6764946
7.0000000 7.0000000 8.0000000 9.0000000 5.6769867
7.0000000 7.0000000 9.0000000 12.0000000 5.6770112
7.0000000 8.0000000 7.0000000 1.0000000 5.6773614
7.0000000 8.0000000 8.0000000 3.0000000 5.6770624
7.0000000 8.0000000 9.0000000 6.0000000 5.6769891
7.0000000 8.0000000 10.0000000 8.0000000 5.6768081
7.0000000 8.0000000 11.0000000 11.0000000 5.6766168
7.0000000 9.0000000 9.0000000 0.0000000 5.6778558
7.0000000 9.0000000 10.0000000 2.0000000 5.6775578
7.0000000 9.0000000 11.0000000 5.0000000 5.6774836
7.0000000 9.0000000 12.0000000 7.0000000 5.6771856
7.0000000 10.0000000 12.0000000 1.0000000 5.6780522
8.0000000 5.0000000 0.0000000 11.0000000 5.6787269
8.0000000 6.0000000 0.0000000 5.0000000 5.6777441
8.0000000 6.0000000 1.0000000 7.0000000 5.6778406
8.0000000 6.0000000 2.0000000 10.0000000 5.6782651
8.0000000 6.0000000 3.0000000 12.0000000 5.6785376
8.0000000 7.0000000 1.0000000 1.0000000 5.6767137
8.0000000 7.0000000 2.0000000 3.0000000 5.6770922
8.0000000 7.0000000 3.0000000 6.0000000 5.6772348
8.0000000 7.0000000 4.0000000 8.0000000 5.6777893
8.0000000 7.0000000 5.0000000 11.0000000 5.6777548
8.0000000 8.0000000 3.0000000 0.0000000 5.6767918
8.0000000 8.0000000 4.0000000 2.0000000 5.6764938
8.0000000 8.0000000 5.0000000 5.0000000 5.6767729
8.0000000 8.0000000 6.0000000 7.0000000 5.6769014
8.0000000 8.0000000 7.0000000 10.0000000 5.6772930
8.0000000 8.0000000 8.0000000 12.0000000 5.6775975
8.0000000 9.0000000 5.0000000 0.0000000 5.6775119
8.0000000 9.0000000 6.0000000 1.0000000 5.6769883
8.0000000 9.0000000 7.0000000 4.0000000 5.6769150
8.0000000 9.0000000 8.0000000 6.0000000 5.6766160
8.0000000 9.0000000 9.0000000 9.0000000 5.6768312
8.0000000 9.0000000 10.0000000 11.0000000 5.6767837
8.0000000 10.0000000 8.0000000 0.0000000 5.6774827
8.0000000 10.0000000 9.0000000 2.0000000 5.6772148
8.0000000 10.0000000 10.0000000 5.0000000 5.6771105
8.0000000 10.0000000 11.0000000 7.0000000 5.6770205
8.0000000 10.0000000 12.0000000 10.0000000 5.6767392
8.0000000 11.0000000 10.0000000 0.0000000 5.6782028
8.0000000 11.0000000 11.0000000 1.0000000 5.6776792
8.0000000 11.0000000 12.0000000 4.0000000 5.6776059
8.0000000 12.0000000 12.0000000 0.0000000 5.6789218
9.0000000 7.0000000 0.0000000 8.0000000 5.6785460
9.0000000 7.0000000 1.0000000 10.0000000 5.6784985
9.0000000 7.0000000 2.0000000 12.0000000 5.6792890
9.0000000 8.0000000 0.0000000 1.0000000 5.6770071
9.0000000 8.0000000 1.0000000 4.0000000 5.6775156
9.0000000 8.0000000 2.0000000 6.0000000 5.6777041
9.0000000 8.0000000 3.0000000 9.0000000 5.6780367
9.0000000 8.0000000 4.0000000 11.0000000 5.6784001
9.0000000 9.0000000 2.0000000 0.0000000 5.6764862
9.0000000 9.0000000 3.0000000 2.0000000 5.6769547
9.0000000 9.0000000 4.0000000 5.0000000 5.6770063
9.0000000 9.0000000 5.0000000 8.0000000 5.6775748
9.0000000 9.0000000 6.0000000 10.0000000 5.6775263
9.0000000 9.0000000 7.0000000 12.0000000 5.6783488
9.0000000 10.0000000 4.0000000 0.0000000 5.6771388
9.0000000 10.0000000 5.0000000 1.0000000 5.6767052
9.0000000 10.0000000 6.0000000 4.0000000 5.6765444
9.0000000 10.0000000 7.0000000 6.0000000 5.6767639
9.0000000 10.0000000 8.0000000 9.0000000 5.6770645
9.0000000 10.0000000 9.0000000 11.0000000 5.6774610
9.0000000 11.0000000 7.0000000 0.0000000 5.6771106
9.0000000 11.0000000 8.0000000 3.0000000 5.6770363
9.0000000 11.0000000 9.0000000 5.0000000 5.6767384
9.0000000 11.0000000 10.0000000 8.0000000 5.6766641
9.0000000 11.0000000 11.0000000 10.0000000 5.6765722
9.0000000 11.0000000 12.0000000 12.0000000 5.6774097
9.0000000 12.0000000 9.0000000 0.0000000 5.6778297
9.0000000 12.0000000 10.0000000 1.0000000 5.6774271
9.0000000 12.0000000 11.0000000 4.0000000 5.6772328
9.0000000 12.0000000 12.0000000 7.0000000 5.6771585
10.0000000 8.0000000 0.0000000 10.0000000 5.6792029
10.0000000 9.0000000 0.0000000 4.0000000 5.6777491
10.0000000 9.0000000 1.0000000 7.0000000 5.6783176
10.0000000 9.0000000 2.0000000 9.0000000 5.6783151
10.0000000 9.0000000 3.0000000 12.0000000 5.6788386
10.0000000 10.0000000 1.0000000 0.0000000 5.6768696
10.0000000 10.0000000 2.0000000 3.0000000 5.6772872
10.0000000 10.0000000 3.0000000 5.0000000 5.6775667
10.0000000 10.0000000 4.0000000 8.0000000 5.6778082
10.0000000 10.0000000 5.0000000 10.0000000 5.6782637
10.0000000 11.0000000 3.0000000 0.0000000 5.6768737
10.0000000 11.0000000 4.0000000 2.0000000 5.6768262
10.0000000 11.0000000 5.0000000 4.0000000 5.6767778
10.0000000 11.0000000 6.0000000 7.0000000 5.6773463
10.0000000 11.0000000 7.0000000 9.0000000 5.6773748
10.0000000 11.0000000 8.0000000 12.0000000 5.6778664
10.0000000 12.0000000 6.0000000 0.0000000 5.6769176
10.0000000 12.0000000 7.0000000 3.0000000 5.6766633
10.0000000 12.0000000 8.0000000 5.0000000 5.6767233
10.0000000 12.0000000 9.0000000 8.0000000 5.6768370
10.0000000 12.0000000 10.0000000 10.0000000 5.6773235
11.0000000 9.0000000 0.0000000 12.0000000 5.6807918
11.0000000 10.0000000 0.0000000 7.0000000 5.6785510
11.0000000 10.0000000 1.0000000 9.0000000 5.6790665
11.0000000 10.0000000 2.0000000 12.0000000 5.6790720
11.0000000 11.0000000 0.0000000 1.0000000 5.6775691
11.0000000 11.0000000 1.0000000 3.0000000 5.6775216
11.0000000 11.0000000 2.0000000 6.0000000 5.6780891
11.0000000 11.0000000 3.0000000 8.0000000 5.6781786
11.0000000 11.0000000 4.0000000 11.0000000 5.6786101
11.0000000 12.0000000 2.0000000 0.0000000 5.6771072
11.0000000 12.0000000 3.0000000 2.0000000 5.6770597
11.0000000 12.0000000 4.0000000 4.0000000 5.6774292
11.0000000 12.0000000 5.0000000 7.0000000 5.6775797
11.0000000 12.0000000 6.0000000 9.0000000 5.6781262
11.0000000 12.0000000 7.0000000 12.0000000 5.6781008
12.0000000 11.0000000 0.0000000 10.0000000 5.6793540
12.0000000 11.0000000 1.0000000 12.0000000 5.6796774
12.0000000 12.0000000 0.0000000 3.0000000 5.6782331
12.0000000 12.0000000 1.0000000 6.0000000 5.6783226
12.0000000 12.0000000 2.0000000 9.0000000 5.6788911
12.0000000 12.0000000 3.0000000 11.0000000 5.6788436
13.0000000 12.0000000 0.0000000 12.0000000 5.6804299
0.0000000 0.0000000 0.0000000 0.0000000 0.0000000
