0.0000000 0.0000000 12.0000000 0.0000000 5.9223297
1.0000000 0.0000000 8.0000000 0.0000000 5.8917312
1.0000000 0.0000000 9.0000000 2.0000000 5.8599671
1.0000000 0.0000000 10.0000000 4.0000000 5.8284314
1.0000000 0.0000000 11.0000000 7.0000000 5.8191777
1.0000000 0.0000000 12.0000000 9.0000000 5.8076732
1.0000000 1.0000000 11.0000000 0.0000000 5.8955358
1.0000000 1.0000000 12.0000000 3.0000000 5.8776007
1.0000000 2.0000000 12.0000000 0.0000000 6.0352590
2.0000000 0.0000000 5.0000000 1.0000000 5.8067571
2.0000000 0.0000000 6.0000000 3.0000000 5.7757446
2.0000000 0.0000000 7.0000000 6.0000000 5.7672057
2.0000000 0.0000000 8.0000000 8.0000000 5.7409917
2.0000000 0.0000000 9.0000000 11.0000000 5.7289964
2.0000000 0.0000000 10.0000000 13.0000000 5.7224990
2.0000000 1.0000000 7.0000000 0.0000000 5.8565258
2.0000000 1.0000000 8.0000000 2.0000000 5.8250319
2.0000000 1.0000000 9.0000000 5.0000000 5.8158083
2.0000000 1.0000000 10.0000000 7.0000000 5.7848648
2.0000000 1.0000000 11.0000000 10.0000000 5.7764424
2.0000000 1.0000000 12.0000000 12.0000000 5.7460435
2.0000000 2.0000000 10.0000000 1.0000000 5.8748316
2.0000000 2.0000000 11.0000000 3.0000000 5.8430830
2.0000000 2.0000000 12.0000000 6.0000000 5.8334988
2.0000000 3.0000000 12.0000000 0.0000000 5.9251442
3.0000000 0.0000000 1.0000000 0.0000000 5.7518981
3.0000000 0.0000000 2.0000000 2.0000000 5.7214206
3.0000000 0.0000000 3.0000000 5.0000000 5.7136098
3.0000000 0.0000000 4.0000000 7.0000000 5.6836730
3.0000000 0.0000000 5.0000000 10.0000000 5.7215733
3.0000000 0.0000000 6.0000000 12.0000000 5.7272329
3.0000000 1.0000000 3.0000000 0.0000000 5.8238286
3.0000000 1.0000000 4.0000000 1.0000000 5.7708226
3.0000000 1.0000000 5.0000000 4.0000000 5.7623241
3.0000000 1.0000000 6.0000000 6.0000000 5.7319083
3.0000000 1.0000000 7.0000000 9.0000000 5.7242064
3.0000000 1.0000000 8.0000000 11.0000000 5.6943294
3.0000000 1.0000000 9.0000000 13.0000000 5.7290295
3.0000000 2.0000000 6.0000000 0.0000000 5.8207446
3.0000000 2.0000000 7.0000000 2.0000000 5.7895220
3.0000000 2.0000000 8.0000000 5.0000000 5.7806582
3.0000000 2.0000000 9.0000000 7.0000000 5.7591130
3.0000000 2.0000000 10.0000000 10.0000000 5.7419215
3.0000000 2.0000000 11.0000000 13.0000000 5.7343291
3.0000000 3.0000000 8.0000000 0.0000000 5.8929108
3.0000000 3.0000000 9.0000000 1.0000000 5.8394743
3.0000000 3.0000000 10.0000000 4.0000000 5.8299221
3.0000000 3.0000000 11.0000000 6.0000000 5.7987695
3.0000000 3.0000000 12.0000000 9.0000000 5.7900221
3.0000000 4.0000000 11.0000000 0.0000000 5.8899414
3.0000000 4.0000000 12.0000000 2.0000000 5.8579774
3.0000000 5.0000000 12.0000000 0.0000000 6.0762222
4.0000000 0.0000000 0.0000000 6.0000000 5.7403089
4.0000000 0.0000000 1.0000000 9.0000000 5.7983749
4.0000000 0.0000000 2.0000000 11.0000000 5.7969996
4.0000000 0.0000000 3.0000000 13.0000000 5.8774761
4.0000000 1.0000000 0.0000000 0.0000000 5.7149481
4.0000000 1.0000000 1.0000000 3.0000000 5.7071872
4.0000000 1.0000000 2.0000000 5.0000000 5.6930279
4.0000000 1.0000000 3.0000000 7.0000000 5.7305911
4.0000000 1.0000000 4.0000000 10.0000000 5.7461937
4.0000000 1.0000000 5.0000000 12.0000000 5.7964532
4.0000000 2.0000000 2.0000000 0.0000000 5.7871212
4.0000000 2.0000000 3.0000000 1.0000000 5.7343034
4.0000000 2.0000000 4.0000000 4.0000000 5.7261713
4.0000000 2.0000000 5.0000000 6.0000000 5.6996210
4.0000000 2.0000000 6.0000000 9.0000000 5.6984236
4.0000000 2.0000000 7.0000000 11.0000000 5.7142089
4.0000000 2.0000000 8.0000000 13.0000000 5.7967508
4.0000000 3.0000000 5.0000000 0.0000000 5.7843780
4.0000000 3.0000000 6.0000000 3.0000000 5.7755545
4.0000000 3.0000000 7.0000000 5.0000000 5.7449323
4.0000000 3.0000000 8.0000000 8.0000000 5.7369100
4.0000000 3.0000000 9.0000000 10.0000000 5.7068297
4.0000000 3.0000000 10.0000000 13.0000000 5.7038224
4.0000000 4.0000000 7.0000000 0.0000000 5.8567885
4.0000000 4.0000000 8.0000000 1.0000000 5.8035388
4.0000000 4.0000000 9.0000000 4.0000000 5.7943477
4.0000000 4.0000000 10.0000000 6.0000000 5.7765548
4.0000000 4.0000000 11.0000000 9.0000000 5.7550796
4.0000000 4.0000000 12.0000000 12.0000000 5.7471679
4.0000000 5.0000000 10.0000000 0.0000000 5.8541618
4.0000000 5.0000000 11.0000000 3.0000000 5.8442776
4.0000000 5.0000000 12.0000000 5.0000000 5.8129124
4.0000000 6.0000000 12.0000000 0.0000000 5.9268002
5.0000000 0.0000000 0.0000000 13.0000000 6.1304128
5.0000000 1.0000000 0.0000000 9.0000000 5.8225672
5.0000000 1.0000000 1.0000000 11.0000000 5.8697978
5.0000000 2.0000000 0.0000000 3.0000000 5.7214357
5.0000000 2.0000000 1.0000000 5.0000000 5.7213295
5.0000000 2.0000000 2.0000000 8.0000000 5.7744725
5.0000000 2.0000000 3.0000000 10.0000000 5.7867246
5.0000000 2.0000000 4.0000000 13.0000000 5.8291876
5.0000000 3.0000000 1.0000000 0.0000000 5.7498182
5.0000000 3.0000000 2.0000000 2.0000000 5.7195129
5.0000000 3.0000000 3.0000000 4.0000000 5.6894307
5.0000000 3.0000000 4.0000000 6.0000000 5.7174913
5.0000000 3.0000000 5.0000000 9.0000000 5.7226806
5.0000000 3.0000000 6.0000000 12.0000000 5.7806093
5.0000000 4.0000000 4.0000000 0.0000000 5.7474223
5.0000000 4.0000000 5.0000000 3.0000000 5.7389664
5.0000000 4.0000000 6.0000000 5.0000000 5.7196221
5.0000000 4.0000000 7.0000000 8.0000000 5.7009645
5.0000000 4.0000000 8.0000000 10.0000000 5.7007692
5.0000000 4.0000000 9.0000000 13.0000000 5.7285509
5.0000000 5.0000000 6.0000000 0.0000000 5.8200772
5.0000000 5.0000000 7.0000000 2.0000000 5.7890213
5.0000000 5.0000000 8.0000000 4.0000000 5.7581901
5.0000000 5.0000000 9.0000000 7.0000000 5.7498461
5.0000000 5.0000000 10.0000000 9.0000000 5.7195607
5.0000000 5.0000000 11.0000000 12.0000000 5.7120105
5.0000000 6.0000000 9.0000000 0.0000000 5.8177975
5.0000000 6.0000000 10.0000000 3.0000000 5.8082757
5.0000000 6.0000000 11.0000000 5.0000000 5.7933115
5.0000000 6.0000000 12.0000000 8.0000000 5.7684734
5.0000000 7.0000000 11.0000000 0.0000000 5.8906831
5.0000000 7.0000000 12.0000000 2.0000000 5.8588755
6.0000000 2.0000000 0.0000000 12.0000000 5.9058282
6.0000000 3.0000000 0.0000000 5.0000000 5.7974402
6.0000000 3.0000000 1.0000000 8.0000000 5.7982928
6.0000000 3.0000000 2.0000000 11.0000000 5.8569195
6.0000000 3.0000000 3.0000000 13.0000000 5.8535625
6.0000000 4.0000000 0.0000000 0.0000000 5.7119137
6.0000000 4.0000000 1.0000000 2.0000000 5.6984644
6.0000000 4.0000000 2.0000000 4.0000000 5.7090511
6.0000000 4.0000000 3.0000000 7.0000000 5.7508462
6.0000000 4.0000000 4.0000000 9.0000000 5.7758525
6.0000000 4.0000000 5.0000000 12.0000000 5.8049131
6.0000000 5.0000000 3.0000000 1.0000000 5.7320708
6.0000000 5.0000000 4.0000000 3.0000000 5.7017832
6.0000000 5.0000000 5.0000000 6.0000000 5.7041157
6.0000000 5.0000000 6.0000000 8.0000000 5.6994467
6.0000000 5.0000000 7.0000000 11.0000000 5.7569768
6.0000000 5.0000000 8.0000000 13.0000000 5.7560521
6.0000000 6.0000000 5.0000000 0.0000000 5.7827720
6.0000000 6.0000000 6.0000000 2.0000000 5.7519948
6.0000000 6.0000000 7.0000000 4.0000000 5.7389507
6.0000000 6.0000000 8.0000000 7.0000000 5.7134668
6.0000000 6.0000000 9.0000000 10.0000000 5.7097508
6.0000000 6.0000000 10.0000000 12.0000000 5.7053052
6.0000000 7.0000000 8.0000000 1.0000000 5.8027261
6.0000000 7.0000000 9.0000000 3.0000000 5.7716863
6.0000000 7.0000000 10.0000000 6.0000000 5.7630161
6.0000000 7.0000000 11.0000000 8.0000000 5.7325252
6.0000000 7.0000000 12.0000000 11.0000000 5.7246545
6.0000000 8.0000000 10.0000000 0.0000000 5.8539747
6.0000000 8.0000000 11.0000000 2.0000000 5.8224439
6.0000000 8.0000000 12.0000000 4.0000000 5.8093788
6.0000000 9.0000000 12.0000000 0.0000000 5.9272678
7.0000000 3.0000000 0.0000000 13.0000000 6.0997181
7.0000000 4.0000000 0.0000000 8.0000000 5.8572280
7.0000000 4.0000000 1.0000000 11.0000000 5.8807853
7.0000000 4.0000000 2.0000000 13.0000000 5.9165077
7.0000000 5.0000000 0.0000000 2.0000000 5.7213459
7.0000000 5.0000000 1.0000000 5.0000000 5.7785747
7.0000000 5.0000000 2.0000000 7.0000000 5.7742915
7.0000000 5.0000000 3.0000000 10.0000000 5.8325252
7.0000000 5.0000000 4.0000000 12.0000000 5.8327236
7.0000000 6.0000000 1.0000000 0.0000000 5.7464828
7.0000000 6.0000000 2.0000000 1.0000000 5.6940014
7.0000000 6.0000000 3.0000000 3.0000000 5.6961630
7.0000000 6.0000000 4.0000000 6.0000000 5.7274963
7.0000000 6.0000000 5.0000000 8.0000000 5.7643814
7.0000000 6.0000000 6.0000000 11.0000000 5.7809128
7.0000000 6.0000000 7.0000000 13.0000000 5.8289099
7.0000000 7.0000000 4.0000000 0.0000000 5.7448622
7.0000000 7.0000000 5.0000000 2.0000000 5.7143687
7.0000000 7.0000000 6.0000000 5.0000000 5.7064430
7.0000000 7.0000000 7.0000000 7.0000000 5.6764946
7.0000000 7.0000000 8.0000000 10.0000000 5.7336217
7.0000000 7.0000000 9.0000000 12.0000000 5.7440225
7.0000000 8.0000000 6.0000000 0.0000000 5.8181820
7.0000000 8.0000000 7.0000000 1.0000000 5.7652598
7.0000000 8.0000000 8.0000000 4.0000000 5.7566356
7.0000000 8.0000000 9.0000000 6.0000000 5.7262007
7.0000000 8.0000000 10.0000000 9.0000000 5.7183789
7.0000000 8.0000000 11.0000000 11.0000000 5.6884853
7.0000000 8.0000000 12.0000000 13.0000000 5.7412138
7.0000000 9.0000000 9.0000000 0.0000000 5.8166712
7.0000000 9.0000000 10.0000000 2.0000000 5.7854203
7.0000000 9.0000000 11.0000000 5.0000000 5.7764225
7.0000000 9.0000000 12.0000000 7.0000000 5.7479245
7.0000000 10.0000000 11.0000000 0.0000000 5.8902178
7.0000000 10.0000000 12.0000000 1.0000000 5.8368556
8.0000000 5.0000000 0.0000000 11.0000000 5.9155299
8.0000000 5.0000000 1.0000000 13.0000000 5.9937854
8.0000000 6.0000000 0.0000000 5.0000000 5.8014952
8.0000000 6.0000000 1.0000000 7.0000000 5.8486010
8.0000000 6.0000000 2.0000000 10.0000000 5.8560126
8.0000000 6.0000000 3.0000000 12.0000000 5.9092577
8.0000000 7.0000000 0.0000000 0.0000000 5.7650314
8.0000000 7.0000000 1.0000000 1.0000000 5.6982733
8.0000000 7.0000000 2.0000000 4.0000000 5.7551037
8.0000000 7.0000000 3.0000000 6.0000000 5.7594694
8.0000000 7.0000000 4.0000000 9.0000000 5.8084032
8.0000000 7.0000000 5.0000000 11.0000000 5.8234958
8.0000000 7.0000000 6.0000000 13.0000000 5.9038705
8.0000000 8.0000000 3.0000000 0.0000000 5.7063402
8.0000000 8.0000000 4.0000000 3.0000000 5.7094313
8.0000000 8.0000000 5.0000000 5.0000000 5.7044258
8.0000000 8.0000000 6.0000000 7.0000000 5.7523046
8.0000000 8.0000000 7.0000000 10.0000000 5.7571878
8.0000000 8.0000000 8.0000000 13.0000000 5.8152788
8.0000000 9.0000000 5.0000000 0.0000000 5.7799157
8.0000000 9.0000000 6.0000000 1.0000000 5.7271877
8.0000000 9.0000000 7.0000000 4.0000000 5.7189390
8.0000000 9.0000000 8.0000000 6.0000000 5.6970621
8.0000000 9.0000000 9.0000000 9.0000000 5.7105461
8.0000000 9.0000000 10.0000000 11.0000000 5.7313872
8.0000000 9.0000000 11.0000000 13.0000000 5.8138691
8.0000000 10.0000000 8.0000000 0.0000000 5.7787621
8.0000000 10.0000000 9.0000000 3.0000000 5.7698113
8.0000000 10.0000000 10.0000000 5.0000000 5.7391679
8.0000000 10.0000000 11.0000000 8.0000000 5.7310240
8.0000000 10.0000000 12.0000000 10.0000000 5.7009271
8.0000000 11.0000000 10.0000000 0.0000000 5.8525651
8.0000000 11.0000000 11.0000000 1.0000000 5.7993947
8.0000000 11.0000000 12.0000000 4.0000000 5.7900670
8.0000000 12.0000000 12.0000000 0.0000000 5.9265228
9.0000000 6.0000000 0.0000000 13.0000000 6.0732258
9.0000000 7.0000000 0.0000000 8.0000000 5.8826523
9.0000000 7.0000000 1.0000000 10.0000000 5.9091762
9.0000000 7.0000000 2.0000000 13.0000000 5.9387378
9.0000000 8.0000000 0.0000000 1.0000000 5.7736425
9.0000000 8.0000000 1.0000000 4.0000000 5.7776392
9.0000000 8.0000000 2.0000000 7.0000000 5.8354413
9.0000000 8.0000000 3.0000000 9.0000000 5.8315112
9.0000000 8.0000000 4.0000000 12.0000000 5.8903128
9.0000000 9.0000000 2.0000000 0.0000000 5.6790853
9.0000000 9.0000000 3.0000000 3.0000000 5.7319084
9.0000000 9.0000000 4.0000000 5.0000000 5.7482438
9.0000000 9.0000000 5.0000000 8.0000000 5.7845557
9.0000000 9.0000000 6.0000000 10.0000000 5.8136752
9.0000000 9.0000000 7.0000000 13.0000000 5.8388858
9.0000000 10.0000000 4.0000000 0.0000000 5.7410335
9.0000000 10.0000000 5.0000000 2.0000000 5.7107194
9.0000000 10.0000000 6.0000000 4.0000000 5.6816349
9.0000000 10.0000000 7.0000000 7.0000000 5.7383180
9.0000000 10.0000000 8.0000000 9.0000000 5.7337393
9.0000000 10.0000000 9.0000000 12.0000000 5.7914337
9.0000000 11.0000000 7.0000000 0.0000000 5.7402417
9.0000000 11.0000000 8.0000000 3.0000000 5.7316676
9.0000000 11.0000000 9.0000000 5.0000000 5.7172986
9.0000000 11.0000000 10.0000000 8.0000000 5.6935387
9.0000000 11.0000000 11.0000000 10.0000000 5.7181414
9.0000000 11.0000000 12.0000000 13.0000000 5.7403328
9.0000000 12.0000000 9.0000000 0.0000000 5.8143030
9.0000000 12.0000000 10.0000000 2.0000000 5.7832232
9.0000000 12.0000000 11.0000000 4.0000000 5.7523719
9.0000000 12.0000000 12.0000000 7.0000000 5.7439036
10.0000000 8.0000000 0.0000000 11.0000000 5.9648144
10.0000000 8.0000000 1.0000000 13.0000000 5.9682722
10.0000000 9.0000000 0.0000000 4.0000000 5.8407540
10.0000000 9.0000000 1.0000000 7.0000000 5.8580144
10.0000000 9.0000000 2.0000000 9.0000000 5.9022428
10.0000000 9.0000000 3.0000000 12.0000000 5.9134615
10.0000000 10.0000000 1.0000000 1.0000000 5.7589212
10.0000000 10.0000000 2.0000000 3.0000000 5.7540579
10.0000000 10.0000000 3.0000000 6.0000000 5.8114634
10.0000000 10.0000000 4.0000000 8.0000000 5.8123493
10.0000000 10.0000000 5.0000000 11.0000000 5.8656898
10.0000000 10.0000000 6.0000000 13.0000000 5.8735660
10.0000000 11.0000000 3.0000000 0.0000000 5.7143283
10.0000000 11.0000000 4.0000000 2.0000000 5.7089929
10.0000000 11.0000000 5.0000000 4.0000000 5.7364106
10.0000000 11.0000000 6.0000000 7.0000000 5.7609839
10.0000000 11.0000000 7.0000000 9.0000000 5.8032570
10.0000000 11.0000000 8.0000000 12.0000000 5.8146654
10.0000000 12.0000000 6.0000000 1.0000000 5.7232011
10.0000000 12.0000000 7.0000000 3.0000000 5.6929076
10.0000000 12.0000000 8.0000000 6.0000000 5.7154059
10.0000000 12.0000000 9.0000000 8.0000000 5.7122893
10.0000000 12.0000000 10.0000000 11.0000000 5.7678653
10.0000000 12.0000000 11.0000000 13.0000000 5.7788167
11.0000000 9.0000000 0.0000000 13.0000000 6.0510377
11.0000000 10.0000000 0.0000000 7.0000000 5.9063917
11.0000000 10.0000000 1.0000000 10.0000000 5.9393961
11.0000000 10.0000000 2.0000000 12.0000000 5.9636286
11.0000000 11.0000000 0.0000000 1.0000000 5.7805186
11.0000000 11.0000000 1.0000000 3.0000000 5.8318401
11.0000000 11.0000000 2.0000000 6.0000000 5.8336463
11.0000000 11.0000000 3.0000000 9.0000000 5.8920256
11.0000000 11.0000000 4.0000000 11.0000000 5.8884518
11.0000000 11.0000000 5.0000000 13.0000000 5.9539284
11.0000000 12.0000000 2.0000000 0.0000000 5.7358723
11.0000000 12.0000000 3.0000000 2.0000000 5.7364883
11.0000000 12.0000000 4.0000000 5.0000000 5.7877605
11.0000000 12.0000000 5.0000000 7.0000000 5.8028100
11.0000000 12.0000000 6.0000000 10.0000000 5.8413386
11.0000000 12.0000000 7.0000000 12.0000000 5.8654207
12.0000000 11.0000000 0.0000000 10.0000000 5.9705586
12.0000000 11.0000000 1.0000000 13.0000000 6.0217824
12.0000000 12.0000000 0.0000000 4.0000000 5.8595209
12.0000000 12.0000000 1.0000000 6.0000000 5.8998028
12.0000000 12.0000000 2.0000000 9.0000000 5.9142427
12.0000000 12.0000000 3.0000000 11.0000000 5.9584137
0.0000000 0.0000000 0.0000000 0.0000000 0.0000000
