-3.7327763 -7.6679767 -4.4802810 -0.9189885 5.6790253
-3.7327048 -7.6679767 -4.4805668 -0.9189885 5.6786814
-3.7327048 -7.6679767 -4.4804953 -0.9189171 5.6781588
-3.7327048 -7.6679767 -4.4804239 -0.9187028 5.6780845
-3.7327048 -7.6679767 -4.4803525 -0.9185599 5.6779576
-3.7327048 -7.6679767 -4.4802810 -0.9183456 5.6777123
-3.7327048 -7.6679053 -4.4803525 -0.9189885 5.6786532
-3.7327048 -7.6679053 -4.4802810 -0.9187742 5.6785789
-3.7327048 -7.6678338 -4.4802810 -0.9189885 5.6801195
-3.7326334 -7.6679767 -4.4807810 -0.9189885 5.6776412
-3.7326334 -7.6679767 -4.4807096 -0.9187742 5.6775159
-3.7326334 -7.6679767 -4.4806382 -0.9185599 5.6774426
-3.7326334 -7.6679767 -4.4805668 -0.9184171 5.6771436
-3.7326334 -7.6679767 -4.4804953 -0.9182028 5.6770703
-3.7326334 -7.6679053 -4.4806382 -0.9189885 5.6783093
-3.7326334 -7.6679053 -4.4805668 -0.9188456 5.6780103
-3.7326334 -7.6679053 -4.4804953 -0.9187028 5.6777124
-3.7326334 -7.6679053 -4.4804239 -0.9184885 5.6776381
-3.7326334 -7.6679053 -4.4803525 -0.9183456 5.6773401
-3.7326334 -7.6679053 -4.4802810 -0.9181314 5.6772658
-3.7326334 -7.6678338 -4.4804239 -0.9189885 5.6783641
-3.7326334 -7.6678338 -4.4803525 -0.9187742 5.6782068
-3.7326334 -7.6678338 -4.4802810 -0.9185599 5.6781326
-3.7326334 -7.6677624 -4.4802810 -0.9189885 5.6790001
-3.7325620 -7.6679767 -4.4810668 -0.9189885 5.6772462
-3.7325620 -7.6679767 -4.4809953 -0.9188456 5.6769473
-3.7325620 -7.6679767 -4.4809239 -0.9186314 5.6768739
-3.7325620 -7.6679767 -4.4808525 -0.9184885 5.6765759
-3.7325620 -7.6679767 -4.4807810 -0.9183456 5.6767884
-3.7325620 -7.6679767 -4.4807096 -0.9181314 5.6768940
-3.7325620 -7.6679053 -4.4808525 -0.9189171 5.6774417
-3.7325620 -7.6679053 -4.4807810 -0.9187742 5.6771438
-3.7325620 -7.6679053 -4.4807096 -0.9185599 5.6770695
-3.7325620 -7.6679053 -4.4806382 -0.9184171 5.6768085
-3.7325620 -7.6679053 -4.4805668 -0.9182028 5.6766981
-3.7325620 -7.6678338 -4.4807096 -0.9189885 5.6779362
-3.7325620 -7.6678338 -4.4806382 -0.9188456 5.6776382
-3.7325620 -7.6678338 -4.4805668 -0.9186314 5.6775639
-3.7325620 -7.6678338 -4.4804953 -0.9184885 5.6772660
-3.7325620 -7.6678338 -4.4804239 -0.9182742 5.6771916
-3.7325620 -7.6678338 -4.4803525 -0.9181314 5.6768936
-3.7325620 -7.6677624 -4.4804953 -0.9189171 5.6781327
-3.7325620 -7.6677624 -4.4804239 -0.9187742 5.6778337
-3.7325620 -7.6677624 -4.4803525 -0.9185599 5.6777604
-3.7325620 -7.6677624 -4.4802810 -0.9184171 5.6775325
-3.7325620 -7.6676910 -4.4803525 -0.9189885 5.6786270
-3.7325620 -7.6676910 -4.4802810 -0.9188456 5.6783291
-3.7325620 -7.6676195 -4.4802810 -0.9189885 5.6800944
-3.7324906 -7.6679767 -4.4811382 -0.9185599 5.6771173
-3.7324906 -7.6679767 -4.4810668 -0.9184171 5.6775899
-3.7324906 -7.6679767 -4.4809953 -0.9182028 5.6776374
-3.7324906 -7.6679053 -4.4811382 -0.9189885 5.6768731
-3.7324906 -7.6679053 -4.4810668 -0.9188456 5.6765751
-3.7324906 -7.6679053 -4.4809953 -0.9186314 5.6766556
-3.7324906 -7.6679053 -4.4809239 -0.9184885 5.6767021
-3.7324906 -7.6679053 -4.4808525 -0.9182742 5.6771757
-3.7324906 -7.6679053 -4.4807810 -0.9181314 5.6773992
-3.7324906 -7.6678338 -4.4809953 -0.9189885 5.6775922
-3.7324906 -7.6678338 -4.4809239 -0.9189171 5.6770696
-3.7324906 -7.6678338 -4.4808525 -0.9187028 5.6769953
-3.7324906 -7.6678338 -4.4807810 -0.9185599 5.6766973
-3.7324906 -7.6678338 -4.4807096 -0.9183456 5.6767139
-3.7324906 -7.6678338 -4.4806382 -0.9182028 5.6766654
-3.7324906 -7.6677624 -4.4807810 -0.9189885 5.6775641
-3.7324906 -7.6677624 -4.4807096 -0.9188456 5.6772651
-3.7324906 -7.6677624 -4.4806382 -0.9186314 5.6771918
-3.7324906 -7.6677624 -4.4805668 -0.9184885 5.6770208
-3.7324906 -7.6677624 -4.4804953 -0.9182742 5.6768195
-3.7324906 -7.6677624 -4.4804239 -0.9181314 5.6768255
-3.7324906 -7.6676910 -4.4806382 -0.9189885 5.6782832
-3.7324906 -7.6676910 -4.4805668 -0.9189171 5.6777606
-3.7324906 -7.6676910 -4.4804953 -0.9187028 5.6776863
-3.7324906 -7.6676910 -4.4804239 -0.9185599 5.6773873
-3.7324906 -7.6676910 -4.4803525 -0.9183456 5.6773140
-3.7324906 -7.6676910 -4.4802810 -0.9182028 5.6770160
-3.7324906 -7.6676195 -4.4804239 -0.9189885 5.6782550
-3.7324906 -7.6676195 -4.4803525 -0.9188456 5.6779560
-3.7324906 -7.6676195 -4.4802810 -0.9186314 5.6778818
-3.7324906 -7.6675481 -4.4802810 -0.9189885 5.6789740
-3.7324191 -7.6679053 -4.4811382 -0.9183456 5.6779192
-3.7324191 -7.6679053 -4.4810668 -0.9182028 5.6782007
-3.7324191 -7.6678338 -4.4811382 -0.9188456 5.6767563
-3.7324191 -7.6678338 -4.4810668 -0.9186314 5.6768888
-3.7324191 -7.6678338 -4.4809953 -0.9184885 5.6774534
-3.7324191 -7.6678338 -4.4809239 -0.9182742 5.6774099
-3.7324191 -7.6678338 -4.4808525 -0.9181314 5.6781494
-3.7324191 -7.6677624 -4.4810668 -0.9189885 5.6772201
-3.7324191 -7.6677624 -4.4809953 -0.9189171 5.6767055
-3.7324191 -7.6677624 -4.4809239 -0.9187028 5.6766232
-3.7324191 -7.6677624 -4.4808525 -0.9185599 5.6765646
-3.7324191 -7.6677624 -4.4807810 -0.9183456 5.6769471
-3.7324191 -7.6677624 -4.4807096 -0.9182028 5.6772617
-3.7324191 -7.6676910 -4.4808525 -0.9189885 5.6771910
-3.7324191 -7.6676910 -4.4807810 -0.9187742 5.6771177
-3.7324191 -7.6676910 -4.4807096 -0.9186314 5.6768187
-3.7324191 -7.6676910 -4.4806382 -0.9184171 5.6767454
-3.7324191 -7.6676910 -4.4805668 -0.9182742 5.6764474
-3.7324191 -7.6676910 -4.4804953 -0.9181314 5.6772105
-3.7324191 -7.6676195 -4.4807096 -0.9189885 5.6779111
-3.7324191 -7.6676195 -4.4806382 -0.9189171 5.6774275
-3.7324191 -7.6676195 -4.4805668 -0.9187028 5.6773132
-3.7324191 -7.6676195 -4.4804953 -0.9185599 5.6772332
-3.7324191 -7.6676195 -4.4804239 -0.9183456 5.6769419
-3.7324191 -7.6676195 -4.4803525 -0.9181314 5.6768675
-3.7324191 -7.6675481 -4.4804953 -0.9189885 5.6778819
-3.7324191 -7.6675481 -4.4804239 -0.9187742 5.6778086
-3.7324191 -7.6675481 -4.4803525 -0.9186314 5.6775097
-3.7324191 -7.6675481 -4.4802810 -0.9184171 5.6774364
-3.7324191 -7.6674767 -4.4803525 -0.9189885 5.6786009
-3.7324191 -7.6674767 -4.4802810 -0.9189171 5.6781503
-3.7323477 -7.6678338 -4.4811382 -0.9181314 5.6787210
-3.7323477 -7.6677624 -4.4811382 -0.9186314 5.6773672
-3.7323477 -7.6677624 -4.4810668 -0.9184171 5.6776907
-3.7323477 -7.6677624 -4.4809953 -0.9182742 5.6780632
-3.7323477 -7.6676910 -4.4811382 -0.9189885 5.6768470
-3.7323477 -7.6676910 -4.4810668 -0.9188456 5.6767088
-3.7323477 -7.6676910 -4.4809953 -0.9187028 5.6766603
-3.7323477 -7.6676910 -4.4809239 -0.9184885 5.6772289
-3.7323477 -7.6676910 -4.4808525 -0.9183456 5.6771814
-3.7323477 -7.6676910 -4.4807810 -0.9181314 5.6777500
-3.7323477 -7.6676195 -4.4809239 -0.9189885 5.6769179
-3.7323477 -7.6676195 -4.4808525 -0.9187742 5.6767446
-3.7323477 -7.6676195 -4.4807810 -0.9186314 5.6767226
-3.7323477 -7.6676195 -4.4807096 -0.9184171 5.6767196
-3.7323477 -7.6676195 -4.4806382 -0.9182742 5.6771242
-3.7323477 -7.6675481 -4.4807810 -0.9189885 5.6775380
-3.7323477 -7.6675481 -4.4807096 -0.9188456 5.6772390
-3.7323477 -7.6675481 -4.4806382 -0.9187028 5.6769411
-3.7323477 -7.6675481 -4.4805668 -0.9184885 5.6768667
-3.7323477 -7.6675481 -4.4804953 -0.9183456 5.6765958
-3.7323477 -7.6675481 -4.4804239 -0.9181314 5.6767780
-3.7323477 -7.6674767 -4.4805668 -0.9189885 5.6776398
-3.7323477 -7.6674767 -4.4804953 -0.9187742 5.6774355
-3.7323477 -7.6674767 -4.4804239 -0.9185599 5.6773622
-3.7323477 -7.6674767 -4.4803525 -0.9184171 5.6770632
-3.7323477 -7.6674767 -4.4802810 -0.9182028 5.6769899
-3.7323477 -7.6674053 -4.4804239 -0.9189885 5.6782288
-3.7323477 -7.6674053 -4.4803525 -0.9188456 5.6779299
-3.7323477 -7.6674053 -4.4802810 -0.9187028 5.6776320
-3.7323477 -7.6673338 -4.4802810 -0.9189885 5.6789479
-3.7322763 -7.6676910 -4.4811382 -0.9184171 5.6779780
-3.7322763 -7.6676910 -4.4810668 -0.9182028 5.6784936
-3.7322763 -7.6676195 -4.4811382 -0.9188456 5.6769422
-3.7322763 -7.6676195 -4.4810668 -0.9187028 5.6772297
-3.7322763 -7.6676195 -4.4809953 -0.9184885 5.6774622
-3.7322763 -7.6676195 -4.4809239 -0.9183456 5.6779267
-3.7322763 -7.6676195 -4.4808525 -0.9181314 5.6779833
-3.7322763 -7.6675481 -4.4809953 -0.9189171 5.6766704
-3.7322763 -7.6675481 -4.4809239 -0.9187742 5.6764328
-3.7322763 -7.6675481 -4.4808525 -0.9185599 5.6770004
-3.7322763 -7.6675481 -4.4807810 -0.9184171 5.6770379
-3.7322763 -7.6675481 -4.4807096 -0.9182028 5.6775215
-3.7322763 -7.6674767 -4.4808525 -0.9189885 5.6771649
-3.7322763 -7.6674767 -4.4807810 -0.9188456 5.6768669
-3.7322763 -7.6674767 -4.4807096 -0.9186314 5.6767926
-3.7322763 -7.6674767 -4.4806382 -0.9184885 5.6764946
-3.7322763 -7.6674767 -4.4805668 -0.9183456 5.6769867
-3.7322763 -7.6674767 -4.4804953 -0.9181314 5.6770112
-3.7322763 -7.6674053 -4.4806382 -0.9189171 5.6773614
-3.7322763 -7.6674053 -4.4805668 -0.9187742 5.6770624
-3.7322763 -7.6674053 -4.4804953 -0.9185599 5.6769891
-3.7322763 -7.6674053 -4.4804239 -0.9184171 5.6768081
-3.7322763 -7.6674053 -4.4803525 -0.9182028 5.6766168
-3.7322763 -7.6673338 -4.4804953 -0.9189885 5.6778558
-3.7322763 -7.6673338 -4.4804239 -0.9188456 5.6775578
-3.7322763 -7.6673338 -4.4803525 -0.9186314 5.6774836
-3.7322763 -7.6673338 -4.4802810 -0.9184885 5.6771856
-3.7322763 -7.6672624 -4.4802810 -0.9189171 5.6780522
-3.7322048 -7.6676195 -4.4811382 -0.9182028 5.6787269
-3.7322048 -7.6675481 -4.4811382 -0.9186314 5.6777441
-3.7322048 -7.6675481 -4.4810668 -0.9184885 5.6778406
-3.7322048 -7.6675481 -4.4809953 -0.9182742 5.6782651
-3.7322048 -7.6675481 -4.4809239 -0.9181314 5.6785376
-3.7322048 -7.6674767 -4.4810668 -0.9189171 5.6767137
-3.7322048 -7.6674767 -4.4809953 -0.9187742 5.6770922
-3.7322048 -7.6674767 -4.4809239 -0.9185599 5.6772348
-3.7322048 -7.6674767 -4.4808525 -0.9184171 5.6777893
-3.7322048 -7.6674767 -4.4807810 -0.9182028 5.6777548
-3.7322048 -7.6674053 -4.4809239 -0.9189885 5.6767918
-3.7322048 -7.6674053 -4.4808525 -0.9188456 5.6764938
-3.7322048 -7.6674053 -4.4807810 -0.9186314 5.6767729
-3.7322048 -7.6674053 -4.4807096 -0.9184885 5.6769014
-3.7322048 -7.6674053 -4.4806382 -0.9182742 5.6772930
-3.7322048 -7.6674053 -4.4805668 -0.9181314 5.6775975
-3.7322048 -7.6673338 -4.4807810 -0.9189885 5.6775119
-3.7322048 -7.6673338 -4.4807096 -0.9189171 5.6769883
-3.7322048 -7.6673338 -4.4806382 -0.9187028 5.6769150
-3.7322048 -7.6673338 -4.4805668 -0.9185599 5.6766160
-3.7322048 -7.6673338 -4.4804953 -0.9183456 5.6768312
-3.7322048 -7.6673338 -4.4804239 -0.9182028 5.6767837
-3.7322048 -7.6672624 -4.4805668 -0.9189885 5.6774827
-3.7322048 -7.6672624 -4.4804953 -0.9188456 5.6772148
-3.7322048 -7.6672624 -4.4804239 -0.9186314 5.6771105
-3.7322048 -7.6672624 -4.4803525 -0.9184885 5.6770205
-3.7322048 -7.6672624 -4.4802810 -0.9182742 5.6767392
-3.7322048 -7.6671910 -4.4804239 -0.9189885 5.6782028
-3.7322048 -7.6671910 -4.4803525 -0.9189171 5.6776792
-3.7322048 -7.6671910 -4.4802810 -0.9187028 5.6776059
-3.7322048 -7.6671195 -4.4802810 -0.9189885 5.6789218
-3.7321334 -7.6674767 -4.4811382 -0.9184171 5.6785460
-3.7321334 -7.6674767 -4.4810668 -0.9182742 5.6784985
-3.7321334 -7.6674767 -4.4809953 -0.9181314 5.6792890
-3.7321334 -7.6674053 -4.4811382 -0.9189171 5.6770071
-3.7321334 -7.6674053 -4.4810668 -0.9187028 5.6775156
-3.7321334 -7.6674053 -4.4809953 -0.9185599 5.6777041
-3.7321334 -7.6674053 -4.4809239 -0.9183456 5.6780367
-3.7321334 -7.6674053 -4.4808525 -0.9182028 5.6784001
-3.7321334 -7.6673338 -4.4809953 -0.9189885 5.6764862
-3.7321334 -7.6673338 -4.4809239 -0.9188456 5.6769547
-3.7321334 -7.6673338 -4.4808525 -0.9186314 5.6770063
-3.7321334 -7.6673338 -4.4807810 -0.9184171 5.6775748
-3.7321334 -7.6673338 -4.4807096 -0.9182742 5.6775263
-3.7321334 -7.6673338 -4.4806382 -0.9181314 5.6783488
-3.7321334 -7.6672624 -4.4808525 -0.9189885 5.6771388
-3.7321334 -7.6672624 -4.4807810 -0.9189171 5.6767052
-3.7321334 -7.6672624 -4.4807096 -0.9187028 5.6765444
-3.7321334 -7.6672624 -4.4806382 -0.9185599 5.6767639
-3.7321334 -7.6672624 -4.4805668 -0.9183456 5.6770645
-3.7321334 -7.6672624 -4.4804953 -0.9182028 5.6774610
-3.7321334 -7.6671910 -4.4806382 -0.9189885 5.6771106
-3.7321334 -7.6671910 -4.4805668 -0.9187742 5.6770363
-3.7321334 -7.6671910 -4.4804953 -0.9186314 5.6767384
-3.7321334 -7.6671910 -4.4804239 -0.9184171 5.6766641
-3.7321334 -7.6671910 -4.4803525 -0.9182742 5.6765722
-3.7321334 -7.6671910 -4.4802810 -0.9181314 5.6774097
-3.7321334 -7.6671195 -4.4804953 -0.9189885 5.6778297
-3.7321334 -7.6671195 -4.4804239 -0.9189171 5.6774271
-3.7321334 -7.6671195 -4.4803525 -0.9187028 5.6772328
-3.7321334 -7.6671195 -4.4802810 -0.9184885 5.6771585
-3.7320620 -7.6674053 -4.4811382 -0.9182742 5.6792029
-3.7320620 -7.6673338 -4.4811382 -0.9187028 5.6777491
-3.7320620 -7.6673338 -4.4810668 -0.9184885 5.6783176
-3.7320620 -7.6673338 -4.4809953 -0.9183456 5.6783151
-3.7320620 -7.6673338 -4.4809239 -0.9181314 5.6788386
-3.7320620 -7.6672624 -4.4810668 -0.9189885 5.6768696
-3.7320620 -7.6672624 -4.4809953 -0.9187742 5.6772872
-3.7320620 -7.6672624 -4.4809239 -0.9186314 5.6775667
-3.7320620 -7.6672624 -4.4808525 -0.9184171 5.6778082
-3.7320620 -7.6672624 -4.4807810 -0.9182742 5.6782637
-3.7320620 -7.6671910 -4.4809239 -0.9189885 5.6768737
-3.7320620 -7.6671910 -4.4808525 -0.9188456 5.6768262
-3.7320620 -7.6671910 -4.4807810 -0.9187028 5.6767778
-3.7320620 -7.6671910 -4.4807096 -0.9184885 5.6773463
-3.7320620 -7.6671910 -4.4806382 -0.9183456 5.6773748
-3.7320620 -7.6671910 -4.4805668 -0.9181314 5.6778664
-3.7320620 -7.6671195 -4.4807096 -0.9189885 5.6769176
-3.7320620 -7.6671195 -4.4806382 -0.9187742 5.6766633
-3.7320620 -7.6671195 -4.4805668 -0.9186314 5.6767233
-3.7320620 -7.6671195 -4.4804953 -0.9184171 5.6768370
-3.7320620 -7.6671195 -4.4804239 -0.9182742 5.6773235
-3.7319906 -7.6673338 -4.4811382 -0.9181314 5.6807918
-3.7319906 -7.6672624 -4.4811382 -0.9184885 5.6785510
-3.7319906 -7.6672624 -4.4810668 -0.9183456 5.6790665
-3.7319906 -7.6672624 -4.4809953 -0.9181314 5.6790720
-3.7319906 -7.6671910 -4.4811382 -0.9189171 5.6775691
-3.7319906 -7.6671910 -4.4810668 -0.9187742 5.6775216
-3.7319906 -7.6671910 -4.4809953 -0.9185599 5.6780891
-3.7319906 -7.6671910 -4.4809239 -0.9184171 5.6781786
-3.7319906 -7.6671910 -4.4808525 -0.9182028 5.6786101
-3.7319906 -7.6671195 -4.4809953 -0.9189885 5.6771072
-3.7319906 -7.6671195 -4.4809239 -0.9188456 5.6770597
-3.7319906 -7.6671195 -4.4808525 -0.9187028 5.6774292
-3.7319906 -7.6671195 -4.4807810 -0.9184885 5.6775797
-3.7319906 -7.6671195 -4.4807096 -0.9183456 5.6781262
-3.7319906 -7.6671195 -4.4806382 -0.9181314 5.6781008
-3.7319191 -7.6671910 -4.4811382 -0.9182742 5.6793540
-3.7319191 -7.6671910 -4.4810668 -0.9181314 5.6796774
-3.7319191 -7.6671195 -4.4811382 -0.9187742 5.6782331
-3.7319191 -7.6671195 -4.4810668 -0.9185599 5.6783226
-3.7319191 -7.6671195 -4.4809953 -0.9183456 5.6788911
-3.7319191 -7.6671195 -4.4809239 -0.9182028 5.6788436
-3.7318477 -7.6671195 -4.4811382 -0.9181314 5.6804299
0.0000000 0.0000000 0.0000000 0.0000000 0.0000000
