Terminal error in: scpot <-- do_nl
 EXITING OPIUM 
Terminal error in: scpot <-- config #4 NL <-- do_tc
 EXITING OPIUM 
test_errors:
[[ -3.00000000e+00   1.37021393e+03]
 [ -2.75000000e+00   1.27595714e+03]
 [ -2.50000000e+00   1.19732321e+03]
 [ -2.25000000e+00   1.19298798e+03]
 [ -2.00000000e+00              inf]
 [ -1.75000000e+00   7.83030250e+02]
 [ -1.50000000e+00              inf]
 [ -1.25000000e+00   9.77022620e+02]
 [ -1.00000000e+00   5.43479356e+02]
 [ -7.50000000e-01   4.56071601e+02]
 [ -5.00000000e-01   4.08469594e+02]
 [ -2.50000000e-01   3.58060259e+02]
 [  0.00000000e+00   3.09154528e+02]
 [  2.50000000e-01   2.62955157e+02]
 [  5.00000000e-01   2.19785729e+02]
 [  7.50000000e-01   1.79647725e+02]
 [  1.00000000e+00   1.42410668e+02]
 [  1.25000000e+00   1.07889373e+02]
 [  1.50000000e+00   7.58806570e+01]
 [  1.75000000e+00   4.61804910e+01]
 [  2.00000000e+00   2.16312210e+01]
 [  2.25000000e+00   2.09248920e+01]
 [  2.50000000e+00   4.25996150e+01]
 [  2.75000000e+00   6.27912100e+01]]
bestError = 20.924892
coeff_vector:
[ 2.25]
test_errors:
[[ -1.5       64.576808]
 [ -1.375     62.41771 ]
 [ -1.25      60.020026]
 [ -1.125     57.377209]
 [ -1.        54.481831]
 [ -0.875     51.325219]
 [ -0.75      47.897632]
 [ -0.625     44.188096]
 [ -0.5       40.184271]
 [ -0.375     35.872442]
 [ -0.25      31.236989]
 [ -0.125     26.26091 ]
 [  0.        20.924892]
 [  0.125     15.878043]
 [  0.25      13.702662]
 [  0.375     15.985865]
 [  0.5       21.780515]
 [  0.625     28.000732]
 [  0.75      35.787094]
 [  0.875     44.87206 ]
 [  1.        54.629667]
 [  1.125     65.116539]
 [  1.25      76.396436]
 [  1.375     88.541275]]
bestError = 13.702662
coeff_vector:
[ 2.25  0.25]
test_errors:
[[ -0.75      43.57182 ]
 [ -0.6875    39.935987]
 [ -0.625     36.380365]
 [ -0.5625    32.904729]
 [ -0.5       29.702398]
 [ -0.4375    27.093083]
 [ -0.375     24.545783]
 [ -0.3125    22.061154]
 [ -0.25      19.639371]
 [ -0.1875    17.280813]
 [ -0.125     15.127876]
 [ -0.0625    14.379634]
 [  0.        13.702662]
 [  0.0625    14.600832]
 [  0.125     15.474429]
 [  0.1875    16.512672]
 [  0.25      18.837241]
 [  0.3125    21.085017]
 [  0.375     23.254982]
 [  0.4375    25.346258]
 [  0.5       27.357773]
 [  0.5625    29.288356]
 [  0.625     31.136676]
 [  0.6875    32.901354]]
bestError = 13.702662
coeff_vector:
[ 2.25  0.25  0.  ]
test_errors:
[[ -0.375     27.281196]
 [ -0.34375   25.801216]
 [ -0.3125    24.314765]
 [ -0.28125   22.821803]
 [ -0.25      21.322209]
 [ -0.21875   19.816096]
 [ -0.1875    18.303342]
 [ -0.15625   16.783898]
 [ -0.125     15.728024]
 [ -0.09375   15.225013]
 [ -0.0625    14.719798]
 [ -0.03125   14.212352]
 [  0.        13.702662]
 [  0.03125   14.152465]
 [  0.0625    14.652371]
 [  0.09375   15.154483]
 [  0.125     16.121443]
 [  0.15625   17.519411]
 [  0.1875    18.923297]
 [  0.21875   20.333383]
 [  0.25      21.749585]
 [  0.28125   23.171941]
 [  0.3125    24.600489]
 [  0.34375   26.035267]]
bestError = 13.702662
coeff_vector:
[ 2.25  0.25  0.    0.  ]
test_errors:
[[ -0.1875    14.448733]
 [ -0.171875  14.381672]
 [ -0.15625   14.314773]
 [ -0.140625  14.248038]
 [ -0.125     14.181465]
 [ -0.109375  14.115055]
 [ -0.09375   14.048809]
 [ -0.078125  13.982725]
 [ -0.0625    13.916804]
 [ -0.046875  13.851047]
 [ -0.03125   13.785452]
 [ -0.015625  13.72002 ]
 [  0.        13.702662]
 [  0.015625  13.80901 ]
 [  0.03125   13.915171]
 [  0.046875  14.021147]
 [  0.0625    14.126936]
 [  0.078125  14.23254 ]
 [  0.09375   14.337958]
 [  0.109375  14.443191]
 [  0.125     14.548238]
 [  0.140625  14.6531  ]
 [  0.15625   14.757777]
 [  0.171875  14.862269]]
bestError = 13.702662
coeff_vector:
[ 2.25  0.25  0.    0.    0.  ]
test_errors:
[[ -9.37500000e-02   1.40574100e+01]
 [ -8.59375000e-02   1.40279770e+01]
 [ -7.81250000e-02   1.39985220e+01]
 [ -7.03125000e-02   1.39690420e+01]
 [ -6.25000000e-02   1.39395390e+01]
 [ -5.46875000e-02   1.39100120e+01]
 [ -4.68750000e-02   1.38804610e+01]
 [ -3.90625000e-02   1.38508870e+01]
 [ -3.12500000e-02   1.38212890e+01]
 [ -2.34375000e-02   1.37916680e+01]
 [ -1.56250000e-02   1.37620230e+01]
 [ -7.81250000e-03   1.37323540e+01]
 [  0.00000000e+00   1.37026620e+01]
 [  7.81250000e-03   1.36729460e+01]
 [  1.56250000e-02   1.36897810e+01]
 [  2.34375000e-02   1.37073280e+01]
 [  3.12500000e-02   1.37248970e+01]
 [  3.90625000e-02   1.37424870e+01]
 [  4.68750000e-02   1.37600980e+01]
 [  5.46875000e-02   1.37777310e+01]
 [  6.25000000e-02   1.37953860e+01]
 [  7.03125000e-02   1.38130620e+01]
 [  7.81250000e-02   1.38307590e+01]
 [  8.59375000e-02   1.38484780e+01]]
bestError = 13.672946
coeff_vector:
[ 2.25       0.25       0.         0.         0.         0.0078125]
test_errors:
[[ -4.68750000e-02   1.37548010e+01]
 [ -4.29687500e-02   1.37479040e+01]
 [ -3.90625000e-02   1.37410090e+01]
 [ -3.51562500e-02   1.37341180e+01]
 [ -3.12500000e-02   1.37272310e+01]
 [ -2.73437500e-02   1.37203470e+01]
 [ -2.34375000e-02   1.37134660e+01]
 [ -1.95312500e-02   1.37065890e+01]
 [ -1.56250000e-02   1.36997160e+01]
 [ -1.17187500e-02   1.36928460e+01]
 [ -7.81250000e-03   1.36859790e+01]
 [ -3.90625000e-03   1.36791160e+01]
 [  0.00000000e+00   1.36729460e+01]
 [  3.90625000e-03   1.36837470e+01]
 [  7.81250000e-03   1.36945450e+01]
 [  1.17187500e-02   1.37053400e+01]
 [  1.56250000e-02   1.37161300e+01]
 [  1.95312500e-02   1.37269170e+01]
 [  2.34375000e-02   1.37377000e+01]
 [  2.73437500e-02   1.37484790e+01]
 [  3.12500000e-02   1.37592550e+01]
 [  3.51562500e-02   1.37700270e+01]
 [  3.90625000e-02   1.37807950e+01]
 [  4.29687500e-02   1.37915590e+01]]
bestError = 13.672946
coeff_vector:
[ 2.25       0.25       0.         0.         0.         0.0078125  0.       ]
test_errors:
[[ -2.34375000e-02   1.37206930e+01]
 [ -2.14843750e-02   1.37167170e+01]
 [ -1.95312500e-02   1.37127410e+01]
 [ -1.75781250e-02   1.37087650e+01]
 [ -1.56250000e-02   1.37047870e+01]
 [ -1.36718750e-02   1.37008090e+01]
 [ -1.17187500e-02   1.36968310e+01]
 [ -9.76562500e-03   1.36928520e+01]
 [ -7.81250000e-03   1.36888720e+01]
 [ -5.85937500e-03   1.36848910e+01]
 [ -3.90625000e-03   1.36809100e+01]
 [ -1.95312500e-03   1.36769280e+01]
 [  0.00000000e+00   1.36729460e+01]
 [  1.95312500e-03   1.36746850e+01]
 [  3.90625000e-03   1.36771140e+01]
 [  5.85937500e-03   1.36795440e+01]
 [  7.81250000e-03   1.36819740e+01]
 [  9.76562500e-03   1.36844050e+01]
 [  1.17187500e-02   1.36868370e+01]
 [  1.36718750e-02   1.36892690e+01]
 [  1.56250000e-02   1.36917020e+01]
 [  1.75781250e-02   1.36941360e+01]
 [  1.95312500e-02   1.36965700e+01]
 [  2.14843750e-02   1.36990040e+01]]
bestError = 13.672946
coeff_vector:
[ 2.25       0.25       0.         0.         0.         0.0078125  0.         0.       ]
